8.221848749616356145e+00
8.377099836532350352e+00
7.657577319177793385e+00
7.060480747381381761e+00
5.259637310505755892e+00
4.853871964321761823e+00
5.036212172654444430e+00
5.638272163982406937e+00
4.958607314841774638e+00
5.638272163982406937e+00
5.180456064458131671e+00
5.130768280269023762e+00
5.050609993355086758e+00
5.026872146400301666e+00
5.443697499232712289e+00
5.602059991327962507e+00
4.040958607678906134e+00
5.346787486224656050e+00
5.823908740944318652e+00
5.040958607678906134e+00
5.207608310501745663e+00
5.000000000000000000e+00
4.431798275933005016e+00
4.698970004336018746e+00
5.229147988357856214e+00
4.795880017344074986e+00
5.356547323513812131e+00
7.267606240177031829e+00
5.400000186056580276e+00
6.450004148469348664e+00
5.110000065251386836e+00
5.459999812688999477e+00
7.560036064079095119e+00
5.829999526735648807e+00
5.540000226349732770e+00
6.799998134593398191e+00
6.369999510099088269e+00
6.359995853468938698e+00
6.119998611678230560e+00
6.560004526046191664e+00
5.430000267796054381e+00
5.410000161858407708e+00
6.419999310410959836e+00
6.740000204918112914e+00
5.049999969853415038e+00
6.239999952707270481e+00
5.410000161858407708e+00
6.450004148469348664e+00
4.860000083248981362e+00
6.790002703917631166e+00
6.299997602857746237e+00
5.450000476425332252e+00
7.090016305060156121e+00
6.350003492533958571e+00
5.720000163638920831e+00
6.250001023441650538e+00
5.430000267796054381e+00
5.300000202445417585e+00
8.721246399047171138e+00
8.920818753952374891e+00
8.366531544420412914e+00
8.431798275933005016e+00
9.193820026016112479e+00
6.326979092871103383e+00
8.221848749616356145e+00
8.522878745280337398e+00
7.527243550682787721e+00
8.627087997029892819e+00
6.050609993355086758e+00
7.897573155265146916e+00
8.377314049136906249e+00
8.696803942579510505e+00
5.629999780524884478e+00
6.000000000000000000e+00
4.803188457337323136e+00
5.113734940970243059e+00
5.812479279163537349e+00
6.030002001401657985e+00
6.030002001401657985e+00
6.560004526046191664e+00
6.450004148469348664e+00
4.950000175844590622e+00
6.060001790087837570e+00
6.180002266489223572e+00
7.219970872662661243e+00
6.540004743952608557e+00
5.650000220873454992e+00
5.720000163638920831e+00
5.779999190713336787e+00
4.579999998661812732e+00
6.130000141365474775e+00
7.100015437450609035e+00
6.219999701663429192e+00
5.800000874803203033e+00
7.010016541698600889e+00
5.969999718407895450e+00
6.721246399047171138e+00
6.320000083770779931e+00
6.009998764965338580e+00
6.339998279897116618e+00
6.560004526046191664e+00
6.823908740944318652e+00
5.470000200122706602e+00
5.369999510099088269e+00
6.209996479609510622e+00
5.219999701663429192e+00
5.979999397807416628e+00
6.399996913372259399e+00
5.920001601921647705e+00
5.650000220873454992e+00
6.239999952707270481e+00
8.651046452018835708e+00
6.980011840408714363e+00
6.450004148469348664e+00
5.749999855918706437e+00
6.299997602857746237e+00
7.250031916490597084e+00
5.959999285526680346e+00
8.397940008672037493e+00
6.180456064458131671e+00
6.250001023441650538e+00
5.849999245077862398e+00
7.130005999878258116e+00
5.689999562814495704e+00
7.250031916490597084e+00
6.259637310505755892e+00
4.670000018181017509e+00
6.139997578098902231e+00
5.400000186056580276e+00
6.279997898282848823e+00
6.509999358109047840e+00
6.308918507877031345e+00
4.019999993643078362e+00
5.010000098195093621e+00
4.000000000000000000e+00
4.449999986821809195e+00
4.839999931118700083e+00
4.549999989408298973e+00
5.700000503883016378e+00
4.459999937940860804e+00
5.259999900311452592e+00
4.659999925349901595e+00
5.169999984192581444e+00
4.769999911123512071e+00
4.000000000000000000e+00
4.330000038335377610e+00
5.000000000000000000e+00
4.019999993643078362e+00
5.359999833093897159e+00
5.330000131185909318e+00
4.430000034012230969e+00
4.970000123715014873e+00
4.330000038335377610e+00
4.869999962200743049e+00
5.030000139977382823e+00
4.920000156997057061e+00
4.989999996723884834e+00
5.089999741487068796e+00
4.339999990132752394e+00
4.790000026071145278e+00
4.330000038335377610e+00
5.010000098195093621e+00
4.330000038335377610e+00
6.400116927926312371e+00
7.040958607678906134e+00
6.519993057042849038e+00
6.449771646944905790e+00
7.236572006437063109e+00
6.210419287835574842e+00
7.721246399047171138e+00
7.200659450546417872e+00
6.966576244513050575e+00
6.946921556516580054e+00
7.657577319177793385e+00
8.300162274132754092e+00
8.119758224104518973e+00
7.749579997691106392e+00
8.229884705212898055e+00
8.019996628416253159e+00
7.721246399047171138e+00
7.301029995663981254e+00
8.907279355315900204e+00
6.515700160653214112e+00
8.045757490560674796e+00
7.522878745280337398e+00
6.530177984021836579e+00
6.962573502059376196e+00
8.795880017344074986e+00
9.028028723600243666e+00
7.376750709602099221e+00
7.958607314841774638e+00
7.698970004336018746e+00
8.154901959985743076e+00
6.076238039171300009e+00
5.056505484093896996e+00
8.110026361596004207e+00
7.130768280269023762e+00
6.204815410317576330e+00
6.568636235841013082e+00
5.700000503883016378e+00
5.958607314841774638e+00
8.096910013008056239e+00
6.199998172182031198e+00
6.000000000000000000e+00
6.000000000000000000e+00
5.899998417198648148e+00
5.700000503883016378e+00
5.800000874803203033e+00
5.700000503883016378e+00
5.800000874803203033e+00
6.299997602857746237e+00
6.299997602857746237e+00
6.399996913372259399e+00
6.599997654072043751e+00
5.599999383023620325e+00
5.800000874803203033e+00
5.400000186056580276e+00
6.000000000000000000e+00
6.199998172182031198e+00
5.599999383023620325e+00
5.599999383023620325e+00
6.000000000000000000e+00
5.599999383023620325e+00
5.899998417198648148e+00
5.700000503883016378e+00
5.800000874803203033e+00
6.000000000000000000e+00
5.800000874803203033e+00
6.199998172182031198e+00
5.499999678657064628e+00
6.099999034846530499e+00
6.130000141365474775e+00
8.000000000000000000e+00
6.723538195826756159e+00
8.376750709602099221e+00
5.450000476425332252e+00
6.025028005701931200e+00
6.357535479757878250e+00
6.177178354696895468e+00
8.795880017344074986e+00
5.993962045002683148e+00
6.011664044143949504e+00
6.196952789508871184e+00
6.802443786846463780e+00
7.010016541698600889e+00
6.252588192113576859e+00
7.102372908709558175e+00
8.871116297900226044e+00
7.397940008672037493e+00
6.688246138944245800e+00
6.530177984021836579e+00
6.408935392973500456e+00
9.221848749616356145e+00
8.397940008672037493e+00
8.886056647693163058e+00
7.958607314841774638e+00
7.124938736608299905e+00
9.045757490560674796e+00
8.552841968657780569e+00
8.619788758288393637e+00
8.568636235841012194e+00
8.148741651280925424e+00
8.161150909262744335e+00
7.737548910269570257e+00
8.886056647693163058e+00
7.226945306635736976e+00
8.180456064458130783e+00
7.568636235841013082e+00
7.408935392973500456e+00
6.692503962086787439e+00
7.214670164989232859e+00
6.181114585405990347e+00
7.698970004336018746e+00
6.917214629683550164e+00
7.193820026016112479e+00
6.809668301829708170e+00
6.705533773838406653e+00
6.723538195826756159e+00
7.602059991327962507e+00
6.863279432843593320e+00
7.318758762624412384e+00
8.221848749616356145e+00
6.756961951313705583e+00
8.522878745280337398e+00
9.301029995663981254e+00
5.286341483791643370e+00
5.559405738160169363e+00
7.193820026016112479e+00
7.124938736608299905e+00
5.777283528852416694e+00
6.413412695328244872e+00
7.154901959985743076e+00
5.578396073130169164e+00
6.616184634019568911e+00
6.139661993429005982e+00
6.000000000000000000e+00
5.700000503883016378e+00
5.599999383023620325e+00
5.585026652029181804e+00
6.575118363368932961e+00
6.083019952679618036e+00
6.283996656365200550e+00
6.034798298974087594e+00
5.994390554639719149e+00
5.862013267276468653e+00
6.701146923590293625e+00
5.301029995663981254e+00
4.415668775632469512e+00
5.443697499232712289e+00
4.589999963296594210e+00
7.920818753952374891e+00
7.200659450546417872e+00
7.455931955649724330e+00
8.657577319177793385e+00
8.113509274827517714e+00
7.823908740944318652e+00
9.000000000000000000e+00
9.096910013008056239e+00
8.508638306165726917e+00
7.924453038607468969e+00
8.050609993355086758e+00
8.853871964321761823e+00
8.853871964321761823e+00
8.823908740944318652e+00
9.096910013008056239e+00
8.677780705266080474e+00
8.769551078621725893e+00
8.376750709602099221e+00
8.508638306165726917e+00
8.568636235841012194e+00
8.886056647693163058e+00
9.154901959985743076e+00
9.522878745280337398e+00
8.657577319177793385e+00
8.602059991327962507e+00
4.494850021680093732e+00
8.408935392973500456e+00
6.408935392973500456e+00
7.229147988357855326e+00
7.420216403383189885e+00
8.031517051446064315e+00
8.301029995663981254e+00
8.568636235841012194e+00
8.096910013008056239e+00
7.886056647693163058e+00
7.161150909262744335e+00
6.920818753952374891e+00
7.769551078621725893e+00
8.537602002101044363e+00
8.769551078621725893e+00
8.537602002101044363e+00
8.337242168318425684e+00
8.283996656365200550e+00
6.913640169325251605e+00
8.318758762624412384e+00
8.075720713938117967e+00
9.199970640755864792e+00
7.299988937677887257e+00
7.599980364934841859e+00
7.299988937677887257e+00
7.700057099977232866e+00
7.500038134403809842e+00
7.724573463258360917e+00
7.400007822415902048e+00
7.299988937677887257e+00
7.100015437450609035e+00
7.400007822415902048e+00
7.400007822415902048e+00
6.900008766455315801e+00
6.107905397309519202e+00
6.214670164989232859e+00
6.267606240177031829e+00
6.301029995663981254e+00
5.823908740944318652e+00
7.193820026016112479e+00
7.193820026016112479e+00
6.699991797446187114e+00
6.000000000000000000e+00
6.900008766455315801e+00
6.799998134593398191e+00
7.100015437450609035e+00
6.699991797446187114e+00
6.499996931948306411e+00
7.500038134403809842e+00
7.400007822415902048e+00
7.500038134403809842e+00
7.899974269892137357e+00
7.799970733446230042e+00
7.199970640755865681e+00
6.099999034846530499e+00
7.700057099977232866e+00
7.400007822415902048e+00
7.299988937677887257e+00
7.400007822415902048e+00
7.400007822415902048e+00
7.799970733446230042e+00
8.400007822415901160e+00
6.000000000000000000e+00
5.899998417198648148e+00
5.624153563690843960e+00
8.142667503568731036e+00
7.387216143280264546e+00
7.619788758288393637e+00
7.886056647693163058e+00
7.494850021680093732e+00
6.962573502059376196e+00
7.040958607678906134e+00
8.366531544420412914e+00
8.552841968657780569e+00
7.309803919971486152e+00
5.336770365467132571e+00
6.603800652904263657e+00
7.978810700930061728e+00
8.091514981121349592e+00
8.173925197299173107e+00
7.318758762624412384e+00
6.790484985457369227e+00
8.055517327849830878e+00
7.552841968657780569e+00
7.856985199745905035e+00
8.309803919971486152e+00
7.607303046740334196e+00
5.800000874803203033e+00
6.199998172182031198e+00
7.100015437450609035e+00
6.399996913372259399e+00
7.199970640755865681e+00
7.400007822415902048e+00
7.299988937677887257e+00
7.400007822415902048e+00
7.500038134403809842e+00
7.700057099977232866e+00
7.799970733446230042e+00
7.799970733446230042e+00
7.899974269892137357e+00
7.899974269892137357e+00
8.000000000000000000e+00
8.100015437450608147e+00
8.199970640755866569e+00
8.299988937677888146e+00
8.599980364934841859e+00
8.700057099977232866e+00
8.799970733446230042e+00
8.799970733446230042e+00
8.920095532333279564e+00
9.000000000000000000e+00
9.100015437450608147e+00
9.299988937677888146e+00
9.500038134403808954e+00
9.599980364934841859e+00
9.599980364934841859e+00
9.700057099977232866e+00
9.799970733446230042e+00
1.000000000000000000e+01
9.431798275933005016e+00
5.932185488838159770e+00
7.958607314841774638e+00
8.483200295918376099e+00
6.279840696594042981e+00
1.030980391997148615e+01
7.759575566916391942e+00
9.782516055786093290e+00
6.681936665037238043e+00
6.430626090384953919e+00
8.352323686759129728e+00
5.466482137983032175e+00
9.366531544420412914e+00
6.806875401645537949e+00
6.841637507904750670e+00
8.937794191180287839e+00
8.553773598221836139e+00
6.318758762624412384e+00
7.721246399047171138e+00
8.744245213356956370e+00
8.505011026316831035e+00
5.764976840504776767e+00
7.376750709602099221e+00
6.669992299127240898e+00
6.650004100737143986e+00
7.000000000000000000e+00
8.150028087671149279e+00
6.219999701663429192e+00
7.208800753501124703e+00
6.270001452716576829e+00
6.149997413907539290e+00
6.149997413907539290e+00
5.749999855918706437e+00
5.720000163638920831e+00
5.639999555020351885e+00
5.579999668433625715e+00
5.489999539566097653e+00
5.380000399499540897e+00
5.340000180159349519e+00
5.200000237109353662e+00
5.089999741487068796e+00
4.970000123715014873e+00
4.960000077688650144e+00
7.779891911959945006e+00
7.974694134735229589e+00
8.920818753952374891e+00
9.000000000000000000e+00
9.096910013008056239e+00
8.075720713938117967e+00
7.609064892896620691e+00
9.000000000000000000e+00
9.096910013008056239e+00
8.853871964321761823e+00
8.886056647693163058e+00
5.132355766096901917e+00
5.552841968657780569e+00
5.192329698769516000e+00
4.978810700930061728e+00
7.201349354554730908e+00
7.168130225719497872e+00
6.777283528852416694e+00
6.673664139071248336e+00
6.581698708680254306e+00
5.904133546521457276e+00
7.214670164989232859e+00
6.728158393463501419e+00
5.264401100301819625e+00
5.151502981909633405e+00
5.016824927962186820e+00
5.154281982033340981e+00
5.057991946977686837e+00
7.337242168318425684e+00
7.283996656365200550e+00
9.040005161671583522e+00
9.289967300934247163e+00
9.160019442321656769e+00
9.460046158343603295e+00
9.400007822415901160e+00
9.599980364934841859e+00
9.450016388840310810e+00
9.199970640755864792e+00
9.000000000000000000e+00
9.500038134403808954e+00
9.199970640755864792e+00
9.270025714300444974e+00
8.890084136976206253e+00
7.759950227887352447e+00
7.899974269892137357e+00
7.100015437450609035e+00
7.299988937677887257e+00
6.799998134593398191e+00
7.500038134403809842e+00
6.699991797446187114e+00
7.199970640755865681e+00
7.100015437450609035e+00
7.000000000000000000e+00
6.299997602857746237e+00
7.500038134403809842e+00
7.400007822415902048e+00
7.000000000000000000e+00
6.799998134593398191e+00
7.100015437450609035e+00
7.000000000000000000e+00
6.399996913372259399e+00
6.799998134593398191e+00
7.199970640755865681e+00
7.199970640755865681e+00
7.100015437450609035e+00
7.799970733446230042e+00
7.500038134403809842e+00
7.799970733446230042e+00
7.599980364934841859e+00
7.799970733446230042e+00
7.299988937677887257e+00
6.900008766455315801e+00
7.299988937677887257e+00
7.500038134403809842e+00
7.299988937677887257e+00
8.000000000000000000e+00
6.900008766455315801e+00
7.299988937677887257e+00
7.199970640755865681e+00
7.400007822415902048e+00
8.299988937677888146e+00
7.799970733446230042e+00
7.700057099977232866e+00
8.299988937677888146e+00
7.799970733446230042e+00
7.199970640755865681e+00
8.299988937677888146e+00
8.199970640755866569e+00
7.199970640755865681e+00
7.199970640755865681e+00
7.500038134403809842e+00
8.698970004336018746e+00
7.599980364934841859e+00
7.599980364934841859e+00
8.100015437450608147e+00
8.599980364934841859e+00
7.700057099977232866e+00
7.299988937677887257e+00
6.000000000000000000e+00
6.900008766455315801e+00
7.599980364934841859e+00
7.700057099977232866e+00
7.799970733446230042e+00
7.400007822415902048e+00
7.700057099977232866e+00
8.100015437450608147e+00
7.500038134403809842e+00
7.599980364934841859e+00
7.700057099977232866e+00
7.299988937677887257e+00
7.299988937677887257e+00
7.700057099977232866e+00
7.700057099977232866e+00
7.700057099977232866e+00
7.299988937677887257e+00
7.500038134403809842e+00
6.699991797446187114e+00
7.799970733446230042e+00
7.100015437450609035e+00
7.799970733446230042e+00
6.900008766455315801e+00
7.599980364934841859e+00
7.000000000000000000e+00
6.232102383981909632e+00
6.166343003107127352e+00
7.698970004336018746e+00
7.327902142064282920e+00
5.415781887882594958e+00
5.052664324051259648e+00
5.428640607246160599e+00
6.309803919971486152e+00
6.000000000000000000e+00
5.187086643357144311e+00
5.259637310505755892e+00
5.585026652029181804e+00
5.853871964321761823e+00
8.299988937677888146e+00
8.000000000000000000e+00
8.000000000000000000e+00
8.400007822415901160e+00
7.899974269892137357e+00
7.400007822415902048e+00
7.599980364934841859e+00
7.799970733446230042e+00
8.599980364934841859e+00
8.599980364934841859e+00
7.599980364934841859e+00
8.599980364934841859e+00
7.899974269892137357e+00
8.299988937677888146e+00
7.599980364934841859e+00
7.199970640755865681e+00
7.700057099977232866e+00
7.299988937677887257e+00
8.199970640755866569e+00
7.899974269892137357e+00
8.100015437450608147e+00
7.199970640755865681e+00
7.100015437450609035e+00
7.299988937677887257e+00
7.700057099977232866e+00
6.599997654072043751e+00
6.900008766455315801e+00
6.299997602857746237e+00
6.599997654072043751e+00
8.400007822415901160e+00
9.500038134403808954e+00
8.199970640755866569e+00
8.100015437450608147e+00
8.400007822415901160e+00
7.700057099977232866e+00
7.500038134403809842e+00
8.500038134403808954e+00
8.400007822415901160e+00
7.899974269892137357e+00
7.899974269892137357e+00
7.799970733446230042e+00
7.700057099977232866e+00
7.700057099977232866e+00
7.199970640755865681e+00
6.699991797446187114e+00
6.499996931948306411e+00
5.899998417198648148e+00
6.507239610973162058e+00
5.779368980551907953e+00
4.680000027200160062e+00
4.779999975777492693e+00
4.950000175844590622e+00
7.537602002101043475e+00
5.987162775294827988e+00
6.290730039024169606e+00
5.324588306285136241e+00
5.379031564355710060e+00
6.399027104313251613e+00
6.000000000000000000e+00
5.700000503883016378e+00
5.700000503883016378e+00
6.000000000000000000e+00
5.899998417198648148e+00
5.800000874803203033e+00
7.319392571008211945e+00
7.300509154727795824e+00
8.500038134403808954e+00
4.530000033355806366e+00
4.979999812555050198e+00
4.499999953328895685e+00
5.210000001311121842e+00
5.650000220873454992e+00
5.940001369850308244e+00
6.138334185657654984e+00
7.161150909262744335e+00
6.891096872332686196e+00
6.155771418698371633e+00
6.939302159646388191e+00
6.010105436281226510e+00
5.918292729902650429e+00
5.996108833763089230e+00
6.958607314841774638e+00
5.708853238268114083e+00
6.767003889607845935e+00
5.894830572000667956e+00
6.815308569182401577e+00
6.539102157243451785e+00
6.832682665251823551e+00
5.332827327521131089e+00
5.887060023915919871e+00
5.929999096197654751e+00
5.729999332184549488e+00
5.969999718407895450e+00
5.720000163638920831e+00
5.710001024518514434e+00
5.380000399499540897e+00
5.599999383023620325e+00
5.480000159330323584e+00
5.200000237109353662e+00
6.050000457140077614e+00
5.030000139977382823e+00
5.039999923502185730e+00
7.000000000000000000e+00
6.170001911302620989e+00
6.900008766455315801e+00
7.100015437450609035e+00
7.000000000000000000e+00
5.029188389127481784e+00
7.063989204284790269e+00
7.183427303973896727e+00
6.775350416045837321e+00
6.682427611673515067e+00
6.222008020127765882e+00
6.296197229589489908e+00
6.601651946266120952e+00
5.841269719745853628e+00
6.499996931948306411e+00
7.899974269892137357e+00
7.700057099977232866e+00
7.799970733446230042e+00
7.599980364934841859e+00
5.400000186056580276e+00
7.199970640755865681e+00
8.000000000000000000e+00
5.000000000000000000e+00
7.700057099977232866e+00
7.100015437450609035e+00
6.599997654072043751e+00
6.399996913372259399e+00
6.000000000000000000e+00
6.699991797446187114e+00
7.899974269892137357e+00
7.400007822415902048e+00
7.799970733446230042e+00
7.899974269892137357e+00
8.075720713938117967e+00
6.853871964321761823e+00
6.903089986991943761e+00
5.924088238517222216e+00
6.492144128304168760e+00
6.508638306165726917e+00
6.872895201635192741e+00
7.494850021680093732e+00
7.397940008672037493e+00
7.455931955649724330e+00
7.721246399047171138e+00
9.096910013008056239e+00
6.552841968657780569e+00
5.591420874591332080e+00
7.356547323513812131e+00
5.954677021213342414e+00
5.559405738160169363e+00
5.759700417997287047e+00
6.316052869248487411e+00
6.525783735923744722e+00
6.060980223551333701e+00
6.226213555018806467e+00
5.974284616098659129e+00
7.207608310501746551e+00
8.698970004336018746e+00
6.143875555757699836e+00
6.089375595110798400e+00
5.152982902064645820e+00
6.000000000000000000e+00
5.499999678657064628e+00
8.400007822415901160e+00
7.890084136976206253e+00
8.049976093476672645e+00
8.119987161633227757e+00
8.299988937677888146e+00
8.100015437450608147e+00
8.500038134403808954e+00
8.100015437450608147e+00
8.400007822415901160e+00
8.899974269892137357e+00
8.750068243365804577e+00
9.100015437450608147e+00
9.199970640755864792e+00
7.700057099977232866e+00
9.000000000000000000e+00
9.379968104873702472e+00
5.103473782510445034e+00
5.008773924307504899e+00
7.397940008672037493e+00
6.958607314841774638e+00
6.769551078621725893e+00
