9.130768280269023762e+00
8.080921907623926259e+00
7.679853713888945776e+00
8.619788758288393637e+00
8.619788758288393637e+00
5.968591535748375421e+00
5.847405922072530515e+00
5.563916901358020084e+00
9.714764271519250372e+00
7.537602002101043475e+00
5.990974257913089573e+00
8.886056647693163058e+00
7.015472686656207379e+00
7.016824927962186820e+00
6.028724151261894981e+00
7.565431095965800878e+00
7.785156151952302039e+00
7.244887733604929103e+00
8.214670164989232859e+00
6.490797477668897031e+00
8.305394801066430688e+00
8.701146923590293625e+00
6.024568191490737412e+00
8.345823458122039185e+00
7.084072788302884227e+00
8.471083299722344861e+00
6.931814138253838742e+00
8.481486060122112036e+00
7.958607314841774638e+00
8.481486060122112036e+00
8.244125144327508536e+00
8.309803919971486152e+00
8.346787486224656050e+00
7.823908740944318652e+00
7.614393726401687879e+00
8.853871964321761823e+00
8.167491087293763385e+00
8.161150909262744335e+00
7.939302159646388191e+00
1.039794000867203749e+01
1.000000000000000000e+01
7.978810700930061728e+00
8.795880017344074986e+00
8.017728766960431130e+00
8.481486060122112036e+00
8.443697499232712289e+00
8.420216403383189885e+00
7.154901959985743076e+00
7.744727494896693543e+00
8.013228265733754796e+00
6.308034897232639437e+00
8.703334809738468181e+00
8.414539270491498968e+00
8.647817481888637303e+00
9.119186407719208631e+00
7.382789905442566081e+00
7.690369832574101672e+00
6.443697499232712289e+00
5.879426068794150417e+00
5.241088107602026369e+00
7.522878745280337398e+00
6.318758762624412384e+00
9.000000000000000000e+00
6.408935392973500456e+00
8.552841968657780569e+00
7.853871964321761823e+00
8.318758762624412384e+00
9.522878745280337398e+00
7.494850021680093732e+00
8.337242168318425684e+00
9.698970004336018746e+00
7.301029995663981254e+00
8.853871964321761823e+00
7.769551078621725893e+00
7.744727494896693543e+00
8.244125144327508536e+00
8.022276394711152392e+00
8.244125144327508536e+00
7.823908740944318652e+00
7.657577319177793385e+00
7.091514981121350480e+00
8.920818753952374891e+00
8.886056647693163058e+00
7.721246399047171138e+00
7.853871964321761823e+00
7.259637310505755892e+00
5.719877103697692533e+00
8.004364805402449434e+00
8.207608310501745663e+00
6.696803942579511393e+00
6.410050398674291827e+00
7.730487055782083949e+00
7.172630726946175095e+00
6.982966660701219297e+00
6.838631997765024728e+00
6.793174123968150013e+00
7.025028005701931200e+00
6.650722472532044627e+00
6.075720713938117967e+00
7.330683119433888173e+00
6.643974142806877481e+00
6.458420756053419254e+00
7.337242168318425684e+00
8.055517327849830878e+00
8.055517327849830878e+00
8.420216403383189885e+00
8.602059991327962507e+00
7.769551078621725893e+00
6.315154638355587657e+00
9.698970004336018746e+00
1.000000000000000000e+01
8.251811972993799316e+00
8.070581074285707146e+00
7.455931955649724330e+00
8.744727494896693543e+00
7.075720713938117967e+00
8.045757490560674796e+00
8.221848749616356145e+00
6.469800301796917452e+00
5.862329462763244514e+00
6.083546051450074543e+00
6.698970004336018746e+00
6.677780705266080474e+00
6.446116973356125435e+00
7.684029654543082621e+00
6.882728704344235560e+00
6.815308569182401577e+00
5.755970410969978523e+00
7.007888512213050092e+00
7.012333735073725371e+00
7.860120913598763082e+00
7.265200170411152847e+00
7.844663962534937696e+00
8.795880017344074986e+00
8.494850021680093732e+00
8.585026652029181804e+00
9.468521082957744639e+00
7.677780705266080474e+00
6.721246399047171138e+00
8.657577319177793385e+00
8.958607314841774638e+00
9.420216403383189885e+00
6.910094888560601945e+00
6.542118103266007623e+00
6.124938736608299905e+00
5.628932137728264173e+00
6.882728704344235560e+00
8.477555766493679812e+00
8.403402904373539428e+00
7.847711655616943283e+00
8.749579997691105504e+00
6.632644078973981117e+00
6.974694134735229589e+00
8.125518182300533354e+00
8.064492734175287225e+00
8.005243055412371689e+00
8.453457336521868370e+00
7.379863945026242433e+00
6.167491087293763385e+00
6.798602875679548241e+00
6.545155139991489790e+00
6.876148359032914215e+00
6.537602002101043475e+00
7.246416941107093557e+00
7.128427064454121442e+00
8.075720713938117967e+00
7.060480747381381761e+00
7.481486060122112036e+00
5.568636235841013082e+00
8.200659450546417872e+00
8.193820026016112479e+00
8.958607314841774638e+00
7.376750709602099221e+00
7.920818753952374891e+00
8.552841968657780569e+00
7.142667503568731924e+00
8.000000000000000000e+00
7.585026652029181804e+00
7.508638306165726917e+00
6.562249437179612066e+00
5.779891911959945006e+00
6.494850021680093732e+00
7.124938736608299905e+00
8.420216403383189885e+00
6.966576244513050575e+00
8.376750709602099221e+00
7.698970004336018746e+00
8.283996656365200550e+00
9.853871964321761823e+00
9.397940008672037493e+00
6.075720713938117967e+00
5.950781977329818062e+00
5.583359492661719159e+00
5.444905551421681089e+00
9.958607314841774638e+00
1.000000000000000000e+01
9.366531544420412914e+00
9.468521082957744639e+00
9.769551078621725893e+00
9.148741651280925424e+00
9.408935392973500456e+00
9.920818753952374891e+00
9.958607314841774638e+00
9.267606240177030941e+00
9.619788758288393637e+00
9.585026652029181804e+00
8.221848749616356145e+00
5.886056647693163058e+00
5.886056647693163058e+00
5.301029995663981254e+00
4.522878745280337398e+00
5.200659450546417872e+00
4.823908740944318652e+00
5.494850021680093732e+00
5.301029995663981254e+00
5.102372908709558175e+00
6.301029995663981254e+00
5.000000000000000000e+00
5.301029995663981254e+00
6.000000000000000000e+00
8.522878745280337398e+00
8.886056647693163058e+00
5.102372908709558175e+00
5.698970004336018746e+00
5.886056647693163058e+00
6.102372908709558175e+00
5.886056647693163058e+00
6.494850021680093732e+00
5.698970004336018746e+00
6.494850021680093732e+00
6.000000000000000000e+00
5.698970004336018746e+00
5.698970004336018746e+00
6.200659450546417872e+00
6.102372908709558175e+00
6.000000000000000000e+00
8.397940008672037493e+00
8.698970004336018746e+00
8.795880017344074986e+00
8.522878745280337398e+00
6.397940008672037493e+00
7.102372908709558175e+00
6.102372908709558175e+00
6.698970004336018746e+00
6.602059991327962507e+00
6.200659450546417872e+00
5.494850021680093732e+00
5.102372908709558175e+00
5.397940008672037493e+00
8.397940008672037493e+00
8.494850021680093732e+00
8.200659450546417872e+00
9.431798275933005016e+00
6.920818753952374891e+00
8.017728766960431130e+00
8.537602002101044363e+00
8.420216403383189885e+00
7.221848749616356145e+00
7.823908740944318652e+00
7.744727494896693543e+00
7.958607314841774638e+00
8.408935392973500456e+00
8.638272163982406937e+00
5.795880017344074986e+00
7.795880017344074986e+00
6.795880017344074986e+00
6.096910013008056239e+00
5.698970004336018746e+00
7.494850021680093732e+00
7.000000000000000000e+00
5.397940008672037493e+00
8.555955204081923782e+00
6.709965388637481709e+00
7.443697499232712289e+00
5.801893001126598115e+00
7.318758762624412384e+00
6.812479279163537349e+00
7.744727494896693543e+00
7.113509274827517714e+00
9.309803919971486152e+00
8.619788758288393637e+00
1.010237290870955817e+01
9.107905397309519202e+00
9.022276394711152392e+00
9.397940008672037493e+00
9.920818753952374891e+00
8.721246399047171138e+00
9.920818753952374891e+00
7.585026652029181804e+00
6.804100347590765985e+00
8.630042392653946237e+00
5.387216143280264546e+00
7.206908399823420019e+00
7.173277479831007497e+00
7.920818753952374891e+00
8.552841968657780569e+00
8.309803919971486152e+00
8.136677139879543219e+00
8.193820026016112479e+00
9.522878745280337398e+00
8.497572880015567875e+00
7.698970004336018746e+00
6.086186147616283293e+00
7.060480747381381761e+00
5.744727494896693543e+00
8.221848749616356145e+00
8.221848749616356145e+00
8.221848749616356145e+00
8.221848749616356145e+00
6.575118363368932961e+00
7.079354998593212045e+00
6.268411234813261679e+00
6.171984935776023029e+00
6.671620396561261934e+00
7.744727494896693543e+00
6.436518914605589003e+00
6.712198270069773542e+00
6.960585880823862759e+00
5.247183568811728982e+00
5.075204004202087837e+00
4.580044251510241970e+00
7.222573177610688511e+00
4.578396073130169164e+00
5.449771646944905790e+00
4.747146969020106688e+00
5.303643611266667612e+00
5.115771230367395894e+00
4.701146923590293625e+00
5.414088289680566213e+00
4.742321425130815449e+00
4.995678626217357809e+00
5.235077015350111829e+00
4.928117992693874960e+00
6.300162274132754092e+00
5.906578314837765298e+00
5.070070439915411953e+00
4.847711655616943283e+00
5.391473966422806186e+00
4.759450751717400507e+00
5.033858267260967523e+00
4.725842150736320413e+00
6.121478204498793652e+00
5.728158393463501419e+00
5.366531544420413802e+00
5.096910013008056239e+00
4.815308569182400689e+00
4.957424487559809023e+00
5.653647025549361160e+00
4.946921556516580054e+00
4.882728704344235560e+00
7.853871964321761823e+00
7.853871964321761823e+00
6.920818753952374891e+00
6.920818753952374891e+00
7.337242168318425684e+00
8.136677139879543219e+00
7.920818753952374891e+00
9.075720713938117967e+00
7.744727494896693543e+00
8.552841968657780569e+00
9.055517327849830878e+00
8.273272790973427604e+00
7.105130343254747238e+00
5.642065152999546029e+00
5.863279432843593320e+00
5.671620396561261934e+00
6.207608310501746551e+00
8.522878745280337398e+00
8.522878745280337398e+00
8.301029995663981254e+00
5.829738284605042509e+00
6.754487332185850512e+00
7.568636235841013082e+00
6.638272163982406937e+00
8.744727494896693543e+00
8.408935392973500456e+00
8.638272163982406937e+00
7.420216403383189885e+00
7.327902142064282920e+00
9.102372908709558175e+00
1.011350927482751771e+01
8.275724130399211731e+00
9.366531544420412914e+00
7.568636235841013082e+00
7.301029995663981254e+00
7.408935392973500456e+00
6.962573502059376196e+00
7.886056647693163058e+00
7.585026652029181804e+00
6.667561540084395055e+00
6.198596289982645224e+00
7.568636235841013082e+00
7.540607512240769417e+00
7.578396073130169164e+00
8.366531544420412914e+00
8.886056647693163058e+00
9.207608310501745663e+00
8.522878745280337398e+00
1.006550154875643166e+01
9.585026652029181804e+00
8.267606240177030941e+00
8.508638306165726917e+00
7.167491087293763385e+00
6.267606240177031829e+00
1.029242982390206329e+01
1.027572413039921173e+01
1.037675070960209922e+01
1.079588001734407499e+01
1.014874165128092542e+01
1.050863830616572692e+01
1.056863623584101219e+01
1.095860731484177464e+01
7.853871964321761823e+00
7.721246399047171138e+00
6.068033885271827188e+00
6.863279432843593320e+00
7.154901959985743076e+00
7.283996656365200550e+00
6.058985756294430480e+00
6.374070507283705389e+00
6.559090917934781828e+00
4.301029995663981254e+00
4.494850021680093732e+00
4.602059991327962507e+00
4.795880017344074986e+00
5.301029995663981254e+00
5.795880017344074986e+00
5.853871964321761823e+00
6.045757490560674796e+00
7.013228265733754796e+00
6.853871964321761823e+00
8.481486060122112036e+00
7.309803919971486152e+00
5.823908740944318652e+00
6.636388020107856001e+00
8.414539270491498968e+00
8.501689446210399126e+00
5.278684119394100982e+00
4.902048929005849764e+00
6.737548910269570257e+00
6.913640169325251605e+00
6.603800652904263657e+00
5.602059991327962507e+00
7.193820026016112479e+00
7.455931955649724330e+00
7.102372908709558175e+00
7.920818753952374891e+00
7.585026652029181804e+00
7.387216143280264546e+00
7.251811972993799316e+00
6.585026652029181804e+00
6.327902142064282920e+00
6.481486060122112924e+00
6.221848749616356145e+00
6.823908740944318652e+00
6.657577319177793385e+00
6.769551078621725893e+00
8.886056647693163058e+00
8.075720713938117967e+00
7.568636235841013082e+00
5.991399828238082037e+00
8.920818753952374891e+00
7.920818753952374891e+00
7.267606240177031829e+00
6.443697499232712289e+00
6.346787486224656050e+00
6.769551078621725893e+00
8.267606240177030941e+00
8.468521082957744639e+00
8.638272163982406937e+00
8.000000000000000000e+00
8.065501548756431660e+00
7.795880017344074986e+00
7.602059991327962507e+00
8.173925197299173107e+00
8.187086643357144311e+00
9.387216143280264546e+00
9.000000000000000000e+00
7.698970004336018746e+00
7.420216403383189885e+00
7.585026652029181804e+00
5.033858267260967523e+00
6.050609993355086758e+00
1.072124639904717114e+01
8.537602002101044363e+00
6.366531544420413802e+00
6.200659450546417872e+00
6.207608310501746551e+00
6.619788758288393637e+00
6.602059991327962507e+00
8.508638306165726917e+00
7.508638306165726917e+00
8.481486060122112036e+00
8.136677139879543219e+00
8.026872146400300778e+00
8.002176919254274878e+00
6.863279432843593320e+00
6.156144577376839067e+00
7.602059991327962507e+00
7.958607314841774638e+00
7.638272163982406937e+00
6.321481620959885639e+00
7.431798275933005016e+00
8.154901959985743076e+00
8.000000000000000000e+00
7.677780705266080474e+00
7.420216403383189885e+00
7.568636235841013082e+00
5.744968836654448907e+00
7.481486060122112036e+00
7.494850021680093732e+00
7.698970004336018746e+00
6.192464971931146422e+00
5.917214629683550164e+00
5.753994095923970598e+00
6.235077015350111829e+00
1.048148606012211204e+01
9.744727494896693543e+00
7.431798275933005016e+00
8.000000000000000000e+00
8.698970004336018746e+00
7.508638306165726917e+00
9.000000000000000000e+00
6.116338564846381942e+00
5.841637507904750670e+00
8.096910013008056239e+00
6.913640169325251605e+00
7.657577319177793385e+00
6.134303940083928985e+00
5.978810700930061728e+00
6.818156412055227378e+00
7.154901959985743076e+00
8.154901959985743076e+00
5.744727494896693543e+00
5.809668301829708170e+00
5.000000000000000000e+00
5.619788758288393637e+00
5.530177984021836579e+00
6.928117992693874960e+00
6.320572103387880780e+00
6.013228265733754796e+00
6.270025714300444086e+00
5.371611069949688400e+00
5.809668301829708170e+00
7.142667503568731924e+00
5.911863911299448660e+00
6.449771646944905790e+00
6.373659632624957716e+00
7.481486060122112036e+00
5.853871964321761823e+00
6.056505484093896996e+00
5.698970004336018746e+00
7.408935392973500456e+00
9.301029995663981254e+00
8.119987161633227757e+00
8.309981219211303838e+00
8.550059011226661454e+00
8.869988050328096563e+00
8.439973751087107345e+00
7.013228265733754796e+00
6.619788758288393637e+00
6.455931955649724330e+00
6.214670164989232859e+00
6.744727494896693543e+00
6.468521082957744639e+00
8.179995693191681738e+00
5.770000934050708352e+00
7.379968104873702472e+00
6.989997025872940029e+00
6.090000275786017880e+00
5.318758762624412384e+00
5.920818753952374891e+00
6.431798275933005016e+00
5.619788758288393637e+00
7.468521082957744639e+00
7.113509274827517714e+00
8.424812155072338271e+00
8.496209316942819001e+00
8.095825631715836579e+00
5.000000000000000000e+00
6.236572006437063109e+00
5.823908740944318652e+00
6.055517327849831766e+00
6.000000000000000000e+00
6.602059991327962507e+00
6.366531544420413802e+00
6.420216403383189885e+00
6.962573502059376196e+00
5.707743928643523645e+00
6.912609055002811864e+00
6.127942839314484580e+00
5.752188704153248899e+00
6.112669698859375167e+00
8.404503778174426287e+00
7.393833685392379174e+00
8.166215625343520301e+00
7.643018599006868641e+00
6.238982277731183856e+00
7.195247397849539261e+00
6.888267143388901559e+00
6.050639272621718412e+00
8.369572124974975935e+00
4.985974099302961982e+00
6.717831221695358401e+00
8.823908740944318652e+00
7.150580586203100886e+00
6.022020464967388520e+00
7.647817481888637303e+00
8.024108863598206298e+00
7.062983892535186214e+00
7.877129077135564650e+00
9.075720713938117967e+00
6.807683495297262688e+00
6.708675558207580103e+00
8.118045028660398899e+00
7.675717544702306938e+00
6.967743974109546379e+00
8.074687908500351341e+00
7.094312032288147662e+00
8.089909454405932010e+00
8.640164517660112509e+00
8.041914151478914974e+00
7.941573975542994823e+00
7.374378918575092534e+00
5.785413097243887748e+00
7.021636852916117277e+00
6.694562640159688272e+00
7.284665316207687091e+00
6.015959008628573024e+00
5.904408768145136044e+00
5.840456868069020757e+00
6.045496992013284832e+00
6.335141871034226213e+00
7.271240524832125907e+00
7.084705716977313550e+00
6.890759031411796798e+00
6.190453752069082327e+00
6.289764130146445531e+00
6.378553666879849260e+00
6.726026996230450195e+00
6.690817130689610259e+00
7.516698047641832581e+00
8.612610173661270352e+00
6.557975145642772397e+00
6.830031826003107653e+00
9.552841968657780569e+00
6.869280363437047399e+00
7.051733780119704420e+00
6.286610271967887797e+00
7.557677044254425880e+00
6.435002720242035679e+00
6.541316835653518957e+00
9.698970004336018746e+00
8.638272163982406937e+00
9.267606240177030941e+00
8.737548910269570257e+00
9.154901959985743076e+00
6.474411045395176423e+00
6.219394694161030301e+00
7.322301818525489558e+00
7.177570376220643311e+00
5.794162525996454427e+00
7.378823718224964523e+00
6.499036649361939588e+00
8.690369832574100784e+00
9.017728766960431130e+00
8.586700235918748092e+00
5.737724562134149053e+00
6.084188756194940595e+00
5.721209828420068533e+00
7.545002782690540144e+00
9.236572006437063109e+00
6.890927919021120118e+00
6.230179742236408025e+00
5.620199722868512104e+00
6.204085240487041020e+00
6.805485658117532921e+00
7.571865205971211488e+00
6.204815410317576330e+00
4.396823137736130427e+00
7.644740094472621372e+00
8.354577730650907696e+00
8.023191662661933066e+00
8.110138278741811035e+00
9.823908740944318652e+00
9.795880017344074986e+00
9.795880017344074986e+00
9.823908740944318652e+00
9.769551078621725893e+00
9.886056647693163058e+00
9.958607314841774638e+00
9.920818753952374891e+00
9.769551078621725893e+00
9.522878745280337398e+00
9.823908740944318652e+00
9.769551078621725893e+00
9.886056647693163058e+00
9.677780705266080474e+00
9.958607314841774638e+00
9.958607314841774638e+00
1.000000000000000000e+01
8.939302159646388191e+00
9.408935392973500456e+00
8.974694134735230477e+00
9.744727494896693543e+00
9.769551078621725893e+00
1.004575749056067480e+01
1.083863199776502562e+01
1.093554201077308186e+01
1.068193666503723804e+01
5.291218046163666422e+00
5.353049583424122737e+00
7.761953896871204961e+00
6.655784624343500155e+00
6.696523146396116566e+00
8.308034897232639437e+00
8.346305204684918877e+00
5.254925208417942528e+00
6.498803757972911654e+00
6.057248079570186405e+00
5.141884067809933789e+00
7.607303046740334196e+00
7.567030709125594612e+00
7.835647144215562854e+00
8.793174123968150013e+00
8.586700235918748092e+00
7.756961951313705583e+00
7.442492798094342277e+00
7.899629454882437507e+00
7.866461091629782132e+00
8.368556230986827771e+00
7.375717904164331706e+00
8.638272163982406937e+00
5.993106292052099882e+00
5.892111974817201059e+00
6.076341578206693406e+00
5.513286224017514670e+00
8.120904120499927714e+00
8.522878745280337398e+00
7.688246138944245800e+00
8.021363051615525208e+00
8.396855627379817832e+00
5.921543181946707257e+00
5.186552455735179201e+00
9.000000000000000000e+00
8.657577319177793385e+00
8.408935392973500456e+00
7.958607314841774638e+00
7.853871964321761823e+00
7.823908740944318652e+00
9.522878745280337398e+00
9.397940008672037493e+00
8.769551078621725893e+00
8.494850021680093732e+00
8.301029995663981254e+00
8.091514981121349592e+00
8.346787486224656050e+00
8.823908740944318652e+00
8.657577319177793385e+00
8.744727494896693543e+00
8.229147988357855326e+00
8.096910013008056239e+00
8.161150909262744335e+00
8.853871964321761823e+00
6.444905551421681089e+00
7.301029995663981254e+00
7.008773924307504899e+00
9.698970004336018746e+00
8.091514981121349592e+00
8.602059991327962507e+00
9.522878745280337398e+00
8.346787486224656050e+00
5.384155117125297707e+00
7.522878745280337398e+00
7.886056647693163058e+00
7.931814138253838742e+00
8.124360062995831910e+00
8.297569463554474112e+00
1.065364702554936116e+01
1.009745322068600792e+01
1.030627305107635294e+01
1.054060751224076853e+01
1.002090709936167379e+01
1.059006687666870583e+01
9.536107011014092194e+00
1.054821356447570935e+01
1.055284196865778057e+01
6.570126651052357047e+00
6.869827111107464468e+00
7.869827111107464468e+00
5.096910013008056239e+00
5.698970004336018746e+00
4.920818753952374891e+00
4.795880017344074986e+00
7.111932886592563285e+00
6.571444079748324896e+00
9.000000000000000000e+00
6.761452112318671936e+00
7.059483515067432435e+00
7.184422251675732340e+00
5.834458923277626496e+00
5.397940008672037493e+00
7.946153573147747728e+00
7.684029654543082621e+00
7.096910013008056239e+00
8.869666231504993448e+00
8.578642901486857042e+00
7.070581074285707146e+00
8.154901959985743076e+00
8.323306390375133645e+00
9.721246399047171138e+00
5.468521082957744639e+00
8.853871964321761823e+00
8.769551078621725893e+00
7.899629454882437507e+00
8.258060922270800575e+00
7.247183568811728982e+00
8.694648630553375668e+00
7.462180904926725589e+00
