9.154901959985743076e+00
6.214670164989232859e+00
7.920818753952374891e+00
7.823908740944318652e+00
7.207608310501746551e+00
7.341988603342887387e+00
8.698970004336018746e+00
7.721246399047171138e+00
7.744727494896693543e+00
7.552841968657780569e+00
8.017728766960431130e+00
8.920818753952374891e+00
7.301029995663981254e+00
8.537602002101044363e+00
9.221848749616356145e+00
7.494850021680093732e+00
7.657577319177793385e+00
7.017728766960431130e+00
8.080921907623926259e+00
8.769551078621725893e+00
7.481486060122112036e+00
7.301029995663981254e+00
7.958607314841774638e+00
8.031517051446064315e+00
8.346787486224656050e+00
8.568636235841012194e+00
8.022276394711152392e+00
7.886056647693163058e+00
8.494850021680093732e+00
7.045757490560674796e+00
8.585026652029181804e+00
8.214670164989232859e+00
8.346787486224656050e+00
8.823908740944318652e+00
8.698970004336018746e+00
6.823908740944318652e+00
8.552841968657780569e+00
7.744727494896693543e+00
8.886056647693163058e+00
9.045757490560674796e+00
8.000000000000000000e+00
9.698970004336018746e+00
8.275724130399211731e+00
8.677780705266080474e+00
8.585026652029181804e+00
8.585026652029181804e+00
8.000000000000000000e+00
7.997833938243492646e+00
8.376750709602099221e+00
8.301029995663981254e+00
7.920818753952374891e+00
8.769551078621725893e+00
8.431798275933005016e+00
8.267606240177030941e+00
8.136677139879543219e+00
8.075720713938117967e+00
7.795880017344074986e+00
7.853871964321761823e+00
8.031517051446064315e+00
7.366531544420413802e+00
8.060480747381381761e+00
7.619788758288393637e+00
8.366531544420412914e+00
8.040958607678906134e+00
8.537602002101044363e+00
8.337242168318425684e+00
9.522878745280337398e+00
1.000000000000000000e+01
8.958607314841774638e+00
8.309803919971486152e+00
8.568636235841012194e+00
7.508638306165726917e+00
8.698970004336018746e+00
8.468521082957744639e+00
8.585026652029181804e+00
7.886056647693163058e+00
8.455931955649724330e+00
8.958607314841774638e+00
7.602059991327962507e+00
6.127843727251707229e+00
6.677780705266080474e+00
6.806875401645537949e+00
6.917214629683550164e+00
6.920818753952374891e+00
7.677780705266080474e+00
7.795880017344074986e+00
7.920818753952374891e+00
7.920818753952374891e+00
8.070581074285707146e+00
8.102372908709558175e+00
8.207608310501745663e+00
8.229147988357855326e+00
8.327902142064282032e+00
8.677780705266080474e+00
8.823908740944318652e+00
5.337242168318425684e+00
5.508638306165726917e+00
5.537602002101043475e+00
5.585026652029181804e+00
5.619788758288393637e+00
5.657577319177793385e+00
5.677780705266080474e+00
5.698970004336018746e+00
5.769551078621725893e+00
5.769551078621725893e+00
5.823908740944318652e+00
5.958607314841774638e+00
6.000000000000000000e+00
6.309803919971486152e+00
6.366531544420413802e+00
6.443697499232712289e+00
6.698970004336018746e+00
7.000000000000000000e+00
5.455931955649724330e+00
5.494850021680093732e+00
5.552841968657780569e+00
5.920818753952374891e+00
6.049148541111453170e+00
6.142667503568731924e+00
6.148741651280924536e+00
6.179798540514359395e+00
6.191114132640187506e+00
6.214670164989232859e+00
6.343901797987167690e+00
6.356547323513812131e+00
6.389339836910120418e+00
6.400116927926312371e+00
6.420216403383189885e+00
6.552841968657780569e+00
6.628932137728263285e+00
6.821023052706830292e+00
6.920818753952374891e+00
7.008773924307504899e+00
7.124938736608299905e+00
7.744727494896693543e+00
8.337242168318425684e+00
8.522878745280337398e+00
8.698970004336018746e+00
8.130768280269023762e+00
7.331614083309999863e+00
8.318758762624412384e+00
7.066006836168758021e+00
7.335358024443874747e+00
9.301029995663981254e+00
7.394694953858890862e+00
7.524328811675569995e+00
6.882728704344235560e+00
9.154901959985743076e+00
7.920818753952374891e+00
5.920818753952374891e+00
6.815308569182401577e+00
8.638272163982406937e+00
8.795880017344074986e+00
7.754487332185850512e+00
7.077274542006739999e+00
8.376750709602099221e+00
7.454692883534176140e+00
6.754487332185850512e+00
7.818156412055227378e+00
9.000000000000000000e+00
6.764471553092451295e+00
8.790484985457368339e+00
9.142667503568731036e+00
9.102372908709558175e+00
9.180456064458130783e+00
9.075720713938117967e+00
9.148741651280925424e+00
8.958607314841774638e+00
7.016193358021584281e+00
9.148741651280925424e+00
9.187086643357144311e+00
8.978810700930061728e+00
8.886056647693163058e+00
8.943095148663527283e+00
9.275724130399211731e+00
9.148741651280925424e+00
9.142667503568731036e+00
9.327902142064282032e+00
9.026872146400300778e+00
9.154901959985743076e+00
9.180456064458130783e+00
9.113509274827517714e+00
9.337242168318425684e+00
9.086186147616283293e+00
9.431798275933005016e+00
9.337242168318425684e+00
9.180456064458130783e+00
9.327902142064282032e+00
9.292429823902063291e+00
9.075720713938117967e+00
8.958607314841774638e+00
9.055517327849830878e+00
9.259637310505755892e+00
9.187086643357144311e+00
9.236572006437063109e+00
9.481486060122112036e+00
9.004364805402449434e+00
8.962573502059376196e+00
9.187086643357144311e+00
9.119186407719208631e+00
9.070581074285707146e+00
9.130768280269023762e+00
9.229147988357855326e+00
9.221848749616356145e+00
9.301029995663981254e+00
8.958607314841774638e+00
9.180456064458130783e+00
9.065501548756431660e+00
9.366531544420412914e+00
9.065501548756431660e+00
9.142667503568731036e+00
9.055517327849830878e+00
9.022276394711152392e+00
9.124938736608299905e+00
9.036212172654444430e+00
8.892790030352131225e+00
8.920818753952374891e+00
9.096910013008056239e+00
9.200659450546417872e+00
8.935542010773081856e+00
9.102372908709558175e+00
9.075720713938117967e+00
9.173925197299173107e+00
9.207608310501745663e+00
8.400116927926312371e+00
9.031517051446064315e+00
8.838631997765025616e+00
8.962573502059376196e+00
9.013228265733754796e+00
8.607303046740334196e+00
8.492144128304168760e+00
8.982966660701219297e+00
8.508638306165726917e+00
9.346787486224656050e+00
8.924453038607468969e+00
9.283996656365200550e+00
8.424812155072338271e+00
9.292429823902063291e+00
8.590066876668705831e+00
8.917214629683549276e+00
9.522878745280337398e+00
9.619788758288393637e+00
9.568636235841012194e+00
8.651695136951838450e+00
8.917214629683549276e+00
9.214670164989232859e+00
9.200659450546417872e+00
9.107905397309519202e+00
8.950781977329818062e+00
8.943095148663527283e+00
8.958607314841774638e+00
8.970616222314790278e+00
9.244125144327508536e+00
8.186419011431807391e+00
9.283996656365200550e+00
9.283996656365200550e+00
8.782516055786093290e+00
9.119186407719208631e+00
9.267606240177030941e+00
9.244125144327508536e+00
9.346787486224656050e+00
9.193820026016112479e+00
9.091514981121349592e+00
9.136677139879543219e+00
8.698970004336018746e+00
8.966576244513049687e+00
8.809668301829708170e+00
8.847711655616944171e+00
8.806875401645537949e+00
8.815308569182400689e+00
8.879426068794149529e+00
8.673664139071249224e+00
8.634512015109100602e+00
8.519993057042849927e+00
8.910094888560601945e+00
9.229147988357855326e+00
9.161150909262744335e+00
9.356547323513812131e+00
9.420216403383189885e+00
9.040958607678906134e+00
9.275724130399211731e+00
8.832682665251823551e+00
8.777283528852416694e+00
9.142667503568731036e+00
9.055517327849830878e+00
9.236572006437063109e+00
9.173925197299173107e+00
9.107905397309519202e+00
9.167491087293763385e+00
9.346787486224656050e+00
8.910094888560601945e+00
8.517126416391246124e+00
8.903089986991943761e+00
9.119186407719208631e+00
8.899629454882436619e+00
8.586700235918748092e+00
8.570247719997592384e+00
8.533132379645889998e+00
8.301029995663981254e+00
8.651695136951838450e+00
8.642065152999546029e+00
8.866461091629782132e+00
8.759450751717400507e+00
8.565431095965800878e+00
8.913640169325251605e+00
8.906578314837764410e+00
8.296708621881338175e+00
9.096910013008056239e+00
7.852632892206213633e+00
8.995678626217356921e+00
8.860120913598763082e+00
9.107905397309519202e+00
9.795880017344074986e+00
8.876148359032914215e+00
8.946921556516580054e+00
8.970616222314790278e+00
8.995678626217356921e+00
9.267606240177030941e+00
9.356547323513812131e+00
9.251811972993799316e+00
9.408935392973500456e+00
9.387216143280264546e+00
9.259637310505755892e+00
9.327902142064282032e+00
9.420216403383189885e+00
9.214670164989232859e+00
9.267606240177030941e+00
9.130768280269023762e+00
9.107905397309519202e+00
9.346787486224656050e+00
9.060480747381381761e+00
9.022276394711152392e+00
9.309803919971486152e+00
9.309803919971486152e+00
9.455931955649724330e+00
9.259637310505755892e+00
9.207608310501745663e+00
9.136677139879543219e+00
9.080921907623926259e+00
9.251811972993799316e+00
8.787812395596041881e+00
9.251811972993799316e+00
8.882728704344236448e+00
8.533132379645889998e+00
8.931814138253837854e+00
9.031517051446064315e+00
8.111259039317108233e+00
7.747146969020106688e+00
8.233587152887601235e+00
8.823908740944318652e+00
8.440093374963886674e+00
9.309803919971486152e+00
9.638272163982406937e+00
9.292429823902063291e+00
9.318758762624412384e+00
9.259637310505755892e+00
9.823908740944318652e+00
9.214670164989232859e+00
9.267606240177030941e+00
9.236572006437063109e+00
9.522878745280337398e+00
9.619788758288393637e+00
9.267606240177030941e+00
9.408935392973500456e+00
9.537602002101044363e+00
9.494850021680093732e+00
9.283996656365200550e+00
9.420216403383189885e+00
9.552841968657780569e+00
9.481486060122112036e+00
9.283996656365200550e+00
8.903089986991943761e+00
9.207608310501745663e+00
9.318758762624412384e+00
9.193820026016112479e+00
9.251811972993799316e+00
9.301029995663981254e+00
9.508638306165726917e+00
9.397940008672037493e+00
9.508638306165726917e+00
9.167491087293763385e+00
9.022276394711152392e+00
9.387216143280264546e+00
9.408935392973500456e+00
9.408935392973500456e+00
9.309803919971486152e+00
9.161150909262744335e+00
9.161150909262744335e+00
9.075720713938117967e+00
9.309803919971486152e+00
9.080921907623926259e+00
9.387216143280264546e+00
9.275724130399211731e+00
9.154901959985743076e+00
9.408935392973500456e+00
9.397940008672037493e+00
9.259637310505755892e+00
9.366531544420412914e+00
9.337242168318425684e+00
9.481486060122112036e+00
9.494850021680093732e+00
8.297569463554474112e+00
8.381951903287907513e+00
8.970616222314790278e+00
9.080921907623926259e+00
9.142667503568731036e+00
9.602059991327962507e+00
9.154901959985743076e+00
9.346787486224656050e+00
9.124938736608299905e+00
9.180456064458130783e+00
9.251811972993799316e+00
9.031517051446064315e+00
9.065501548756431660e+00
9.522878745280337398e+00
8.970616222314790278e+00
9.468521082957744639e+00
9.408935392973500456e+00
9.292429823902063291e+00
9.397940008672037493e+00
8.892790030352131225e+00
9.397940008672037493e+00
9.060480747381381761e+00
8.889410289700750312e+00
9.552841968657780569e+00
9.301029995663981254e+00
8.835647144215563742e+00
9.337242168318425684e+00
9.443697499232712289e+00
9.229147988357855326e+00
9.443697499232712289e+00
8.769551078621725893e+00
9.522878745280337398e+00
8.524328811675569995e+00
9.387216143280264546e+00
8.536107011014092194e+00
8.614393726401686990e+00
9.244125144327508536e+00
9.187086643357144311e+00
9.050609993355086758e+00
8.950781977329818062e+00
9.275724130399211731e+00
9.376750709602099221e+00
9.102372908709558175e+00
9.318758762624412384e+00
9.292429823902063291e+00
9.537602002101044363e+00
9.376750709602099221e+00
9.508638306165726917e+00
9.468521082957744639e+00
9.602059991327962507e+00
9.420216403383189885e+00
9.229147988357855326e+00
9.148741651280925424e+00
9.337242168318425684e+00
9.283996656365200550e+00
9.638272163982406937e+00
9.119186407719208631e+00
9.455931955649724330e+00
9.346787486224656050e+00
9.309803919971486152e+00
9.443697499232712289e+00
9.387216143280264546e+00
9.522878745280337398e+00
9.346787486224656050e+00
9.327902142064282032e+00
9.522878745280337398e+00
9.397940008672037493e+00
9.420216403383189885e+00
9.619788758288393637e+00
9.443697499232712289e+00
