8.990511099999999589e-02
5.502283529999999478e-01
1.657055852999999912e+00
9.339899999999999869e-01
1.751610088999999926e+00
1.818225894000000009e+00
1.414137361999999953e+00
1.726482697000000011e+00
1.729974286000000028e+00
1.004321374000000100e+00
1.475235223000000095e+00
3.802112420000000048e-01
3.424226810000000065e-01
1.610127612999999958e+00
1.538196577999999981e+00
3.979400089999999834e-01
1.553276045999999910e+00
4.313637639999999829e-01
1.548389417999999962e+00
7.745169659999999734e-01
1.653212514000000022e+00
1.465382850999999986e+00
1.527333397000000037e+00
1.247359421999999940e+00
1.522444233999999952e+00
1.601516783999999971e+00
1.518513940000000062e+00
1.559308010999999938e+00
1.729974286000000028e+00
1.722633923000000067e+00
1.376576956999999934e+00
1.780317311999999985e+00
1.614833965000000093e+00
1.924795996000000065e+00
1.710117364999999889e+00
1.842609240000000037e+00
1.793790385000000098e+00
1.645422268999999993e+00
1.716837723000000038e+00
1.361727836000000025e+00
1.514149133999999952e+00
1.260071388000000070e+00
1.623249289999999956e+00
1.710117364999999889e+00
6.901960799999999896e-01
1.824125833999999946e+00
1.372175286000000050e+00
1.620136054999999908e+00
8.808135919999999786e-01
1.110589709999999952e+00
1.651278014000000072e+00
1.155336037000000093e+00
4.548448600000000175e-01
6.627578320000000467e-01
1.780605305999999999e+00
1.456366032999999893e+00
1.673020906999999946e+00
1.826722519999999905e+00
8.195439359999999729e-01
1.480006943000000019e+00
1.702430536000000050e+00
7.201593029999999729e-01
1.607455022999999983e+00
1.759667845000000064e+00
1.630936119000000017e+00
5.682017240000000191e-01
4.393326940000000236e-01
4.139268499999999851e-02
1.811239773000000053e+00
1.663229634999999984e+00
4.842998390000000097e-01
5.797835970000000394e-01
1.770115295000000089e+00
1.555094449000000045e+00
1.660960291999999949e+00
7.708520119999999753e-01
1.837525309000000107e+00
9.777236049999999956e-01
1.766115282999999980e+00
1.690284703000000111e+00
1.279210512999999994e+00
1.906873534999999897e+00
1.362293938000000093e+00
1.350248018000000050e+00
1.517063872999999896e+00
1.457124625999999923e+00
1.434568904000000034e+00
1.451786435999999902e+00
1.867644233999999903e+00
1.891871829999999921e+00
1.698622429999999905e+00
1.591064607000000075e+00
1.570542939999999943e+00
1.552668216000000045e+00
1.826851948000000059e+00
8.450980399999999948e-01
1.562530769000000097e+00
1.682325618999999994e+00
1.546542663000000095e+00
1.626340367000000064e+00
1.628388930000000068e+00
1.870813424000000058e+00
1.703549297999999990e+00
1.467312063000000055e+00
1.878751520000000008e+00
1.674585602000000062e+00
1.680788611999999960e+00
1.599009239999999998e+00
1.823637221999999891e+00
1.624282095999999953e+00
1.504742636000000022e+00
1.587710965000000085e+00
1.075546960999999913e+00
1.533899101000000043e+00
1.598352709999999899e+00
1.658869592000000059e+00
1.296665189999999912e+00
1.191171455999999962e+00
1.589949601000000046e+00
1.536558443000000107e+00
6.919651030000000258e-01
1.673297440000000025e+00
1.553883026999999917e+00
1.632558514999999932e+00
1.619093330999999969e+00
1.195346057999999934e+00
1.806112109999999937e+00
1.404833717000000037e+00
1.714916247999999976e+00
1.639386868999999969e+00
1.540329475000000059e+00
1.542825426999999916e+00
1.656768779000000080e+00
1.650307522999999943e+00
1.646893624000000056e+00
1.266936910999999943e+00
1.466719372000000021e+00
1.012837224999999952e+00
1.467756051000000062e+00
1.149219113000000014e+00
1.911317442000000089e+00
1.555698894999999915e+00
1.674585602000000062e+00
1.287801729999999978e+00
1.474944334999999995e+00
1.574031267999999928e+00
1.813914419999999916e+00
1.825945142999999993e+00
1.086359830999999998e+00
1.288919606000000107e+00
1.409933123000000066e+00
1.569958817999999923e+00
1.743901549999999911e+00
2.504200019999999749e-01
1.159567192999999996e+00
9.084850190000000048e-01
1.770778396000000088e+00
1.745074792000000041e+00
4.927603890000000209e-01
1.397940009000000039e+00
1.598462199999999944e+00
1.465977367999999892e+00
1.577491800000000000e+00
1.797267541000000080e+00
1.412124405999999999e+00
1.635986112000000103e+00
1.718252499999999960e+00
1.172712959999999971e-01
1.306853749000000064e+00
1.677971753000000010e+00
1.844601420000000047e+00
1.435844365999999983e+00
9.881128399999999923e-01
1.751817788000000098e+00
1.767081620999999991e+00
1.398981067000000023e+00
1.718086294999999986e+00
1.695043658999999980e+00
1.525951341000000072e+00
1.446692466000000010e+00
1.390935107000000004e+00
2.179264464000000068e+00
1.829303772999999911e+00
6.085260340000000490e-01
8.600171999999999678e-03
1.600101256000000083e+00
1.363047595000000056e+00
6.232492899999999558e-01
1.869993999999999934e+00
1.543074234999999961e+00
1.606381365000000061e+00
1.414304688000000088e+00
1.580069222999999967e+00
1.727785174000000090e+00
1.628286730999999987e+00
1.699404082000000038e+00
1.885785129000000060e+00
1.786254395999999911e+00
1.556543707999999970e+00
1.724521626999999890e+00
1.632963168000000076e+00
1.498310553999999906e+00
1.611404638000000000e+00
1.764176132000000008e+00
1.732876040999999923e+00
1.643945913000000036e+00
9.493900069999999802e-01
1.930745327999999983e+00
1.321805483999999975e+00
3.710678620000000261e-01
1.567849451000000061e+00
7.275412570000000523e-01
3.201462860000000021e-01
7.242758700000000438e-01
1.236537261000000054e+00
1.071513804999999930e+00
1.245512667999999934e+00
1.058426024000000076e+00
1.774808830000000004e+00
1.346548558999999923e+00
1.708930536000000000e+00
1.319314303999999938e+00
1.117271295999999969e+00
1.704322141000000013e+00
8.162412999999999474e-01
3.222192950000000167e-01
5.820633629999999448e-01
1.600210305999999916e+00
1.481299273000000083e+00
1.606381365000000061e+00
1.628491104999999939e+00
1.440751700000000080e+00
1.735199547999999981e+00
1.801403709999999991e+00
1.613947476999999964e+00
3.742649800000000249e-02
1.614053106000000071e+00
1.785685667999999948e+00
1.532372134000000052e+00
1.621591675999999982e+00
1.393926006999999911e+00
1.491501766000000062e+00
1.652826303000000108e+00
1.452859335999999946e+00
1.842921121000000051e+00
1.691965103000000026e+00
1.562292864000000003e+00
6.069784000000000290e-02
1.411619705999999974e+00
1.557867961999999995e+00
1.442793226000000040e+00
1.717004406999999899e+00
1.360025089000000076e+00
1.366236124000000052e+00
1.380934463000000001e+00
1.356025856999999890e+00
1.958563883000000061e+00
1.693726948999999982e+00
1.837272703000000007e+00
1.691965103000000026e+00
1.576226136999999916e+00
1.134814369999999961e+00
1.693199144999999906e+00
1.775974331000000017e+00
1.586699802000000048e+00
1.788945726999999986e+00
1.494711024999999971e+00
1.105897099999999939e-01
1.349277526999999921e+00
1.955976222000000098e+00
1.483587296999999916e+00
1.642464520000000094e+00
1.922984816000000041e+00
1.749968084000000035e+00
1.008174184000000029e+00
1.853819845999999938e+00
3.579348470000000004e-01
1.719828286000000039e+00
1.792251572000000071e+00
1.655138435000000019e+00
1.645618738000000025e+00
1.712733859000000081e+00
1.669037800999999988e+00
1.894924977000000066e+00
1.682145076000000072e+00
1.197004728000000018e+00
1.569958817999999923e+00
1.797475288000000004e+00
1.635282638000000066e+00
1.770115295000000089e+00
1.759667845000000064e+00
1.418135498000000050e+00
9.854264740000000522e-01
1.728191398999999961e+00
6.893088590000000515e-01
6.693168809999999747e-01
1.338257229999999964e+00
1.722551662000000094e+00
1.733036682999999911e+00
1.733999287000000056e+00
1.434568904000000034e+00
1.730701543999999981e+00
1.750199727999999899e+00
1.470851324999999932e+00
6.532125140000000219e-01
1.566201718999999937e+00
1.691258358000000017e+00
1.642365580999999963e+00
1.690993031999999952e+00
2.052617001000000219e+00
1.719497016999999905e+00
1.588831726000000000e+00
1.709269960999999949e+00
1.623145875000000071e+00
1.310905629000000072e+00
1.513084359999999906e+00
1.653212514000000022e+00
1.360214612999999906e+00
1.741466761999999946e+00
1.331629718000000073e+00
1.578180609999999984e+00
1.754806854999999999e+00
1.743823222000000062e+00
1.699404082000000038e+00
1.653887558000000091e+00
1.612041744999999970e+00
1.668385916999999941e+00
1.501470072000000044e+00
9.822712329999999659e-01
1.139433519999999977e-01
1.704922290999999923e+00
1.167612673000000045e+00
1.691081491999999908e+00
3.324384599999999912e-01
8.007170780000000265e-01
1.513883185999999936e+00
1.353916230999999915e+00
1.594171478999999891e+00
1.366982976000000072e+00
1.681693391999999898e+00
2.121876040000000019e-01
1.608632988999999958e+00
1.897517128999999914e+00
1.437750563000000037e+00
1.539703239000000057e+00
1.571475903999999923e+00
1.543074234999999961e+00
1.597695185999999934e+00
1.607776604000000109e+00
1.603469159999999949e+00
1.472463896999999911e+00
1.387567779000000057e+00
1.154423973000000103e+00
1.637989780999999923e+00
2.135927334999999871e+00
1.549003262000000047e+00
1.657055852999999912e+00
1.801403709999999991e+00
1.818555778999999983e+00
6.766936099999999454e-01
1.726727209000000096e+00
9.684829489999999819e-01
1.975431809000000039e+00
1.154423973000000103e+00
1.550228353000000059e+00
1.706973676000000051e+00
8.088858669999999806e-01
1.836197480999999909e+00
1.959851954999999979e+00
1.756331767000000044e+00
1.579669293999999891e+00
1.580924975999999926e+00
1.618466492000000034e+00
1.019946682000000049e+00
1.559427799999999920e+00
3.856062740000000266e-01
1.472463896999999911e+00
1.558708570999999932e+00
1.726727209000000096e+00
1.448087667000000023e+00
1.455453968999999903e+00
1.622524861999999901e+00
1.758381941999999976e+00
1.556181846999999951e+00
1.578524604999999914e+00
1.827692289000000025e+00
1.736953954000000078e+00
1.602059990999999961e+00
1.872447648000000076e+00
1.692318044000000077e+00
1.368658712000000000e+00
1.615318656999999991e+00
1.623662707000000038e+00
1.743039154999999951e+00
1.050379756000000109e+00
1.765072200999999952e+00
1.569841899000000041e+00
1.640580806000000003e+00
1.477555332000000110e+00
1.513483957000000046e+00
8.413594699999999982e-01
1.851441815000000046e+00
3.424226810000000065e-01
1.759743368000000086e+00
5.185139399999999510e-01
1.576571683999999918e+00
1.713574538000000036e+00
1.547774704999999917e+00
1.790707287000000036e+00
1.500099191999999970e+00
1.727053010999999971e+00
1.485721426000000012e+00
1.123851640999999901e+00
1.533009022999999971e+00
1.882638362000000010e+00
1.542825426999999916e+00
1.452553063000000089e+00
1.624282095999999953e+00
5.599066249999999911e-01
1.703205370999999912e+00
1.784831177999999907e+00
1.739176631999999945e+00
4.712917110000000021e-01
1.686546899000000099e+00
1.658297649999999956e+00
1.843232777999999961e+00
1.355259905999999903e+00
1.679064318000000000e+00
1.658202253000000015e+00
1.615739688999999979e+00
1.716587577999999947e+00
1.583198773999999975e+00
1.732393759999999894e+00
1.421932812999999962e+00
1.487138375000000012e+00
1.614158710000000108e+00
1.545925328999999904e+00
1.330819466999999978e+00
1.283301229000000099e+00
1.714664992999999971e+00
1.864511081000000070e+00
1.709354776000000076e+00
1.538322332999999986e+00
1.705007959000000017e+00
1.414973347999999964e+00
1.564666064000000079e+00
1.479575309999999977e+00
1.766189693000000061e+00
1.637489729999999977e+00
1.530327790000000077e+00
1.850033258000000069e+00
1.892150277999999908e+00
4.471580310000000114e-01
1.705007959000000017e+00
1.427161402999999940e+00
1.704665185000000083e+00
1.801815168999999939e+00
1.431363764000000094e+00
1.360025089000000076e+00
1.408579124999999932e+00
7.481880269999999777e-01
1.680969718000000057e+00
1.640878778999999899e+00
1.321184026999999928e+00
1.628388930000000068e+00
1.637589785999999936e+00
1.655426588000000088e+00
1.732393759999999894e+00
3.673559209999999742e-01
1.684126926000000024e+00
1.033423755000000055e+00
1.304490528000000094e+00
1.480006943000000019e+00
1.738384123999999975e+00
1.370513089999999989e+00
1.817895757000000057e+00
1.716837723000000038e+00
1.441695136000000099e+00
1.580810972999999953e+00
1.657247130000000013e+00
1.698970003999999978e+00
1.298416379999999926e+00
1.361538971000000098e+00
1.735439203000000097e+00
1.716086854000000050e+00
1.704150516999999976e+00
4.297522799999999865e-01
1.737033531000000020e+00
1.894316062999999994e+00
1.666892210999999957e+00
1.363799945000000013e+00
1.002166061999999913e+00
1.486005186000000089e+00
1.632760887999999966e+00
1.557988147999999962e+00
9.912260760000000115e-01
1.429752279999999987e+00
1.450249107999999953e+00
1.667452952999999960e+00
1.643650038000000091e+00
1.540079089000000012e+00
7.927417860000000038e-01
1.326540668999999895e+00
1.979775932999999988e+00
1.481442629000000011e+00
1.695481675999999993e+00
1.627365857000000027e+00
1.698970003999999978e+00
1.773420723000000088e+00
1.500236474999999903e+00
1.673941998999999958e+00
1.958996520000000074e-01
1.539327064000000078e+00
1.732393759999999894e+00
1.545059584999999958e+00
1.507180976999999977e+00
1.582404297999999931e+00
1.209515015000000027e+00
1.627570664000000056e+00
1.692053365000000031e+00
1.624488362999999991e+00
1.831933730000000038e+00
1.573683692999999995e+00
1.705692696999999924e+00
1.649237472000000038e+00
1.433289685000000091e+00
5.051499780000000550e-01
6.159500519999999701e-01
1.232487866000000043e+00
1.749117661999999962e+00
1.397940009000000039e+00
8.312296940000000189e-01
1.653694795000000051e+00
1.552424846000000080e+00
1.478422187999999915e+00
1.754348336000000064e+00
1.493876111000000062e+00
1.783975002999999893e+00
1.556543707999999970e+00
1.790918194999999935e+00
1.615107987000000023e+00
1.746244871999999893e+00
1.447158031000000067e+00
1.887673552000000088e+00
1.472756449000000023e+00
1.828208614000000010e+00
1.729002708999999971e+00
1.498723970999999988e+00
1.727785174000000090e+00
1.603144372999999900e+00
1.428458774000000098e+00
1.704750903999999956e+00
1.526468512000000111e+00
1.508529718999999991e+00
1.661812685999999983e+00
9.527924429999999889e-01
1.802157752999999918e+00
1.491501766000000062e+00
1.564666064000000079e+00
4.149733480000000196e-01
1.574031267999999928e+00
1.791339704000000088e+00
1.778440683999999994e+00
1.464936428999999984e+00
1.733438027000000048e+00
1.784617292999999938e+00
1.686636269000000077e+00
1.823474228999999891e+00
1.646599751999999972e+00
1.532244643999999933e+00
1.507720976999999962e+00
1.545430829000000061e+00
1.846027674999999979e+00
9.444826720000000231e-01
1.666892210999999957e+00
1.634174872000000001e+00
1.479143247999999966e+00
1.752509400999999967e+00
1.814513951999999986e+00
1.607347776999999978e+00
5.670263660000000039e-01
6.857417390000000168e-01
1.404149249000000044e+00
1.732634967999999942e+00
1.461498527000000047e+00
1.533263516999999965e+00
1.263636068999999917e+00
9.242792859999999777e-01
1.389520466000000010e+00
1.526726867000000043e+00
5.646660639999999676e-01
1.654080234999999899e+00
1.830267800999999972e+00
1.613680020000000104e-01
1.343605508000000004e+00
1.221414237999999930e+00
6.180480969999999630e-01
6.020599909999999610e-01
1.722140124999999911e+00
1.691435151999999942e+00
6.818586199999999986e-02
1.626032248000000013e+00
1.665580990999999900e+00
1.601516783999999971e+00
5.024271200000000048e-01
1.853576544000000048e+00
1.478566496000000008e+00
7.853298349999999761e-01
1.588383767999999918e+00
1.718833717999999955e+00
1.665956028999999949e+00
1.649821463000000099e+00
1.727947710000000026e+00
1.564547711999999979e+00
1.399154334000000111e+00
1.613630434999999919e+00
1.408070286000000060e+00
1.633165353999999958e+00
1.660675788000000042e+00
1.816241299999999947e+00
1.751279103999999975e+00
1.738780557999999976e+00
1.617210094999999903e+00
1.693990609999999952e+00
1.710540447999999936e+00
1.699143687000000069e+00
1.579326204000000011e+00
1.745465169000000039e+00
1.153509989000000013e+00
1.688864568000000066e+00
1.000000000000000000e+00
1.733598460999999924e+00
1.305566314000000006e+00
1.451325807999999995e+00
1.462397997999999921e+00
1.579783597000000039e+00
1.332842266999999969e+00
1.580924975999999926e+00
1.794488046999999975e+00
1.068185861999999986e+00
1.688775654999999931e+00
1.649626886999999931e+00
1.519040039000000064e+00
1.527114112000000024e+00
1.627263416999999990e+00
1.252367513999999904e+00
1.110926241999999897e+00
1.617734035000000015e+00
1.606703741000000019e+00
1.748962861000000091e+00
1.738780557999999976e+00
9.169800470000000203e-01
1.300812794000000050e+00
1.783689236000000067e+00
1.734559822000000029e+00
1.408239964999999927e+00
1.593618307999999928e+00
1.751048034999999947e+00
1.734399742999999994e+00
1.515873843999999915e+00
5.622928640000000033e-01
1.871047260999999962e+00
1.610660162999999923e+00
1.800235789000000031e+00
1.552668216000000045e+00
1.650793039999999934e+00
1.881498780000000037e+00
1.658869592000000059e+00
1.610660162999999923e+00
1.628899563999999911e+00
1.666985718000000061e+00
1.566201718999999937e+00
1.507586040000000072e+00
1.483872453999999896e+00
1.533263516999999965e+00
1.824321124999999988e+00
1.653115992999999895e+00
1.830396176000000041e+00
1.651374944000000067e+00
1.848804700999999939e+00
1.672097858000000103e+00
1.514547752999999997e+00
1.465828815000000063e+00
1.606918526000000069e+00
1.765817514999999949e+00
5.563025010000000048e-01
5.910646069999999641e-01
1.418301290999999908e+00
1.058805487000000101e+00
8.920946029999999860e-01
1.577951128000000036e+00
1.524655711999999941e+00
1.647969457999999943e+00
1.670802284000000082e+00
1.615213334999999972e+00
1.396548037999999936e+00
1.790636961999999999e+00
1.620240190000000080e+00
1.590061230999999964e+00
1.482587770000000083e+00
1.746244871999999893e+00
1.880298991000000086e+00
7.151673579999999752e-01
1.600646236000000000e+00
1.712902125000000053e+00
1.354684554000000096e+00
1.520221435999999926e+00
1.676967813999999946e+00
1.492191129999999866e-01
1.689663965000000045e+00
1.678062904999999994e+00
1.577491800000000000e+00
1.530967681999999996e+00
1.341236622999999906e+00
1.678973376000000073e+00
1.744684063000000007e+00
1.672282625000000023e+00
1.168497483999999975e+00
1.610553705000000058e+00
1.507451061000000037e+00
1.559068334000000000e+00
1.884058647000000031e+00
1.295127085000000067e+00
1.320354033000000094e+00
1.467015817999999916e+00
1.652052848000000074e+00
1.406369835000000013e+00
1.412964271999999966e+00
1.540204300000000082e+00
1.363611979999999946e+00
1.279894979999999904e+00
1.522574633000000066e+00
1.760912590000000000e-01
1.173768823000000072e+00
5.092025220000000463e-01
1.572871601999999980e+00
8.926510340000000099e-01
1.167612673000000045e+00
1.905903765999999999e+00
1.720903171000000009e+00
1.476106716999999957e+00
1.634678751999999902e+00
1.546295835000000007e+00
1.642464520000000094e+00
1.755798656999999929e+00
1.360404055000000056e+00
1.790777601000000052e+00
1.735439203000000097e+00
1.672282625000000023e+00
1.606381365000000061e+00
1.771293443000000023e+00
1.698535493000000063e+00
1.845284125999999914e+00
1.689308859000000052e+00
1.789580712000000018e+00
1.717836866999999934e+00
7.092699609999999488e-01
1.574031267999999928e+00
1.800442120999999895e+00
1.744449456999999981e+00
1.559667278000000046e+00
1.195899652000000035e+00
1.444981112000000012e+00
1.662568966999999898e+00
1.664453928999999999e+00
1.482730700000000068e+00
1.484869033000000060e+00
1.441066407000000105e+00
1.419955748000000018e+00
1.410777232999999908e+00
1.501059262000000061e+00
1.683047037999999995e+00
1.793091599999999897e+00
1.790144364999999960e+00
1.779596490999999947e+00
1.675778342000000087e+00
1.840921199999999924e+00
1.487138375000000012e+00
7.795964909999999470e-01
1.724275870000000044e+00
1.794488046999999975e+00
1.562887380999999909e+00
1.356025856999999890e+00
1.788804492999999995e+00
2.073718350000000044e+00
1.546295835000000007e+00
1.501880493999999899e+00
1.060697840000000003e+00
1.608526034000000049e+00
1.637489729999999977e+00
1.740125737000000061e+00
1.520745471999999987e+00
1.846646328999999920e+00
1.716670976000000071e+00
1.635282638000000066e+00
1.639984247999999978e+00
5.453071160000000361e-01
1.683587318000000055e+00
1.670987602999999933e+00
1.653983906999999975e+00
1.423737250000000065e+00
1.683767261000000071e+00
1.589837943000000031e+00
1.517855418999999983e+00
2.671717279999999972e-01
1.656002321000000110e+00
1.563006187000000047e+00
1.566201718999999937e+00
1.112269767999999992e+00
1.484299838999999954e+00
1.963410016000000091e+00
1.635483747000000099e+00
1.745933157999999930e+00
1.645225712000000007e+00
1.597804841999999947e+00
1.728434951000000108e+00
1.295567099999999972e+00
1.628388930000000068e+00
1.297979243999999976e+00
1.389520466000000010e+00
1.331427297000000065e+00
1.464638558999999951e+00
1.628286730999999987e+00
1.505014239999999948e+00
1.471438406999999948e+00
1.775537635000000058e+00
1.547774704999999917e+00
1.592509847999999950e+00
1.650501795000000049e+00
1.476541808999999983e+00
4.361626470000000144e-01
1.679064318000000000e+00
1.921009801999999933e+00
1.696356388999999965e+00
1.769377326000000084e+00
1.672190250999999961e+00
1.835817354000000012e+00
1.762453481999999960e+00
6.374897299999999767e-01
1.592176757000000054e+00
1.491781776000000059e+00
1.408748606000000070e+00
1.737192642999999981e+00
1.631545228000000014e+00
1.168497483999999975e+00
1.044539759999999928e+00
1.104487111000000077e+00
1.593286066999999973e+00
1.732071941000000059e+00
1.661339340000000053e+00
1.453624073999999933e+00
1.746089043000000007e+00
1.936413200000000057e+00
1.668385916999999941e+00
1.041392684999999929e+00
1.077367905000000015e+00
1.382197209999999954e+00
1.564547711999999979e+00
1.637289548000000039e+00
1.675319983000000068e+00
1.868526887000000025e+00
1.510142698999999977e+00
1.513217599999999941e+00
1.599446375999999947e+00
1.526339276999999939e+00
1.651181062000000033e+00
1.576341350000000086e+00
1.544440137000000046e+00
1.536432175999999927e+00
1.610127612999999958e+00
1.476396827000000078e+00
1.005180512999999998e+00
8.195439359999999729e-01
1.683047037999999995e+00
1.631849461999999917e+00
1.706632450999999939e+00
1.648457593999999915e+00
1.541204690999999904e+00
1.581608365999999988e+00
1.775974331000000017e+00
1.691965103000000026e+00
1.783832142999999926e+00
1.662285516000000074e+00
1.406540179999999918e+00
1.717670502999999904e+00
1.694078462000000007e+00
1.610660162999999923e+00
1.880241776000000087e+00
1.004321374000000100e+00
1.188647296000000075e+00
1.654946226999999936e+00
1.388101202000000089e+00
1.612041744999999970e+00
1.690727544000000027e+00
1.553761697999999969e+00
1.643452675999999890e+00
1.110589709999999952e+00
8.573324960000000550e-01
1.724029972999999938e+00
1.656385718999999979e+00
1.619927710000000021e+00
6.444385889999999506e-01
1.579097326999999940e+00
7.134905430000000326e-01
4.927603890000000209e-01
1.042181594999999961e+00
1.717670502999999904e+00
1.561339940999999953e+00
1.664077589999999995e+00
1.401572846000000094e+00
1.346744055000000051e+00
1.836165816000000062e+00
1.667452952999999960e+00
9.938769149999999719e-01
1.710963119000000088e+00
1.205745540999999976e+00
1.667452952999999960e+00
1.622628425999999902e+00
1.407900539999999978e+00
1.461798557999999915e+00
1.417637739999999980e+00
1.429590802000000105e+00
1.440279212999999947e+00
1.371067862000000082e+00
1.471585053999999948e+00
1.549493712999999939e+00
1.520876381999999971e+00
1.748730555999999936e+00
1.507855871999999930e+00
1.452859335999999946e+00
1.941461738999999964e+00
1.544688022000000105e+00
1.255513713000000031e+00
1.396722279000000011e+00
1.351409751999999909e+00
1.326335861000000005e+00
1.412292509000000029e+00
1.699751031999999995e+00
1.502427119999999894e+00
1.487703862999999904e+00
1.762228284000000089e+00
1.675595055999999916e+00
1.614897215999999913e+00
1.728353781999999894e+00
1.633468455999999902e+00
1.521138083999999946e+00
2.900346109999999977e-01
1.888123307000000084e+00
1.694078462000000007e+00
1.507855871999999930e+00
1.599555591000000110e+00
1.419790585999999966e+00
1.755722444999999965e+00
1.688419821999999959e+00
1.753276569999999923e+00
1.775391971999999985e+00
9.410142439999999997e-01
1.136720567000000015e+00
4.099331230000000104e-01
1.681422156000000001e+00
1.790496276999999914e+00
1.507451061000000037e+00
5.276299009999999567e-01
1.745387121000000041e+00
1.062205808999999945e+00
1.550961752000000082e+00
1.351796307000000086e+00
1.568084331000000109e+00
1.466125869999999942e+00
1.536810865999999942e+00
1.675136503999999915e+00
1.269045710000000105e+00
1.069668097000000095e+00
1.666517980999999926e+00
1.498310553999999906e+00
1.699837725999999938e+00
1.528273777000000111e+00
1.716587577999999947e+00
1.644241585999999922e+00
1.783188691000000103e+00
1.677606952999999956e+00
2.068258759999999918e-01
1.439332693999999968e+00
1.570192561000000042e+00
1.746011108000000034e+00
1.465680212000000093e+00
3.820170430000000006e-01
1.491361694000000071e+00
1.672005444999999924e+00
1.454692448999999943e+00
1.709439573999999906e+00
1.536558443000000107e+00
1.733839000999999991e+00
1.765445018000000088e+00
1.617419747000000019e+00
1.702861170999999896e+00
1.654561554999999906e+00
1.366609710000000089e+00
1.480868923999999920e+00
3.384564939999999966e-01
1.226084116000000002e+00
9.263424470000000133e-01
1.629409598999999931e+00
1.548266544999999939e+00
8.169038389999999650e-01
1.724603515000000087e+00
1.099335278000000082e+00
1.654946226999999936e+00
1.428458774000000098e+00
1.413634996999999949e+00
1.794348604000000069e+00
1.217483944000000040e+00
8.149131809999999865e-01
1.720985744000000039e+00
1.766635885999999989e+00
6.963563889999999645e-01
1.264817823000000008e+00
1.608526034000000049e+00
1.664547962000000103e+00
1.591732238999999938e+00
1.483301951999999924e+00
1.765072200999999952e+00
1.466867619999999928e+00
1.581494541999999948e+00
1.905364068999999994e+00
1.700703716999999893e+00
1.797059694999999957e+00
1.739572343999999937e+00
1.571359393000000049e+00
1.610872999999999999e+00
1.329601247999999902e+00
1.497896743000000086e+00
1.710878617999999962e+00
1.302763708000000076e+00
1.350829274000000080e+00
1.610872999999999999e+00
7.067177820000000166e-01
1.624591458999999904e+00
1.713826424000000070e+00
1.405687786999999966e+00
6.937269489999999816e-01
1.789510203999999938e+00
1.650987093999999988e+00
1.741151598999999939e+00
1.546666024999999944e+00
1.683947131000000041e+00
1.375663614000000035e+00
7.411515990000000498e-01
1.613841821999999926e+00
1.614897215999999913e+00
1.344392274000000054e+00
1.740362688999999907e+00
1.791339704000000088e+00
1.034227261000000064e+00
1.541329578000000033e+00
1.373463722000000109e+00
1.771954749000000051e+00
1.875061263000000089e+00
1.792391690000000093e+00
1.690107438999999934e+00
1.371806459000000089e+00
1.724275870000000044e+00
7.126497019999999960e-01
1.371067862000000082e+00
1.558708570999999932e+00
1.341236622999999906e+00
1.554610285000000092e+00
1.433769834000000021e+00
4.132997640000000139e-01
1.723044991999999942e+00
1.701049631000000062e+00
3.692158569999999806e-01
1.910250771999999930e+00
1.544440137000000046e+00
1.205745540999999976e+00
1.757851344000000093e+00
7.634279940000000542e-01
1.755112266000000032e+00
1.339451441000000020e+00
1.813314059000000089e+00
1.103461621999999975e+00
1.584218112000000067e+00
1.462397997999999921e+00
1.564666064000000079e+00
1.700703716999999893e+00
1.889357737000000093e+00
1.651956069999999999e+00
1.624282095999999953e+00
1.616790485999999971e+00
1.354108438999999997e+00
1.565847819000000030e+00
1.603252662000000051e+00
5.314789170000000507e-01
1.841296886999999938e+00
1.260071388000000070e+00
1.718750734999999974e+00
1.816407029999999923e+00
5.910646069999999641e-01
1.863263364000000033e+00
1.748962861000000091e+00
4.814426290000000108e-01
1.602819342000000091e+00
1.630326155000000110e+00
1.526726867000000043e+00
1.780533324999999945e+00
1.816771412000000030e+00
1.746478509999999984e+00
1.373831145000000031e+00
9.637878269999999858e-01
1.542202781999999939e+00
1.574956776000000058e+00
1.283301229000000099e+00
1.582063363000000056e+00
1.687350569999999994e+00
1.604226053000000096e+00
1.541454429000000070e+00
1.604550032999999987e+00
1.454692448999999943e+00
1.607455022999999983e+00
1.528788191999999935e+00
1.421603927000000045e+00
1.209515015000000027e+00
1.105897099999999939e-01
1.710963119000000088e+00
1.727134423999999946e+00
1.629409598999999931e+00
7.084209000000000200e-01
1.303337679999999887e-01
4.329692909999999784e-01
1.560265398000000081e+00
1.786680453000000002e+00
1.562887380999999909e+00
1.073718350000000044e+00
1.068185861999999986e+00
1.380211241999999894e+00
1.631950825999999966e+00
1.560862694999999967e+00
1.575187845000000086e+00
1.184691431000000073e+00
5.263392770000000498e-01
1.347330015000000047e+00
1.722140124999999911e+00
1.544440137000000046e+00
1.582517884000000041e+00
1.556302501000000005e+00
1.305351369000000039e+00
1.621280167999999966e+00
1.691700208000000094e+00
1.567144045000000041e+00
1.269512943999999921e+00
1.606381365000000061e+00
1.775901578999999897e+00
8.998205019999999665e-01
1.048053173000000005e+00
1.485011215000000107e+00
1.941262908999999981e+00
1.547774704999999917e+00
1.535800290999999929e+00
1.624178925999999912e+00
2.304489210000000010e-01
1.095518041999999914e+00
1.650307522999999943e+00
1.798028793000000070e+00
6.201360550000000194e-01
1.954387249999999909e+00
2.405492479999999933e-01
1.486572151000000064e+00
1.760949950999999958e+00
1.703377369000000030e+00
1.737192642999999981e+00
1.561101384000000092e+00
1.726156465999999945e+00
1.516535374000000047e+00
1.804956800000000028e+00
1.578180609999999984e+00
1.790285163999999929e+00
1.484299838999999954e+00
1.482015576000000001e+00
1.094471128999999987e+00
1.030599722000000051e+00
9.122220570000000306e-01
4.139268499999999851e-02
1.633569443000000065e+00
1.664265799999999906e+00
5.943925500000000195e-01
1.627160952000000105e+00
1.736396502000000064e+00
1.597695185999999934e+00
1.197556212999999925e+00
1.421932812999999962e+00
1.497482537000000002e+00
1.592620820999999909e+00
1.498586208999999947e+00
1.447623097999999997e+00
1.754806854999999999e+00
1.668479102999999908e+00
1.415474168000000033e+00
1.483016420000000002e+00
1.271376872000000047e+00
1.889637800000000034e+00
1.707570175999999940e+00
1.092018471000000046e+00
1.560504415000000034e+00
1.513483957000000046e+00
1.710709566000000015e+00
1.610660162999999923e+00
1.607562243000000057e+00
1.639586087000000081e+00
1.549983611000000039e+00
1.133538908000000012e+00
1.702344357999999946e+00
1.752816431000000064e+00
1.941759814000000084e+00
1.831229693999999908e+00
1.740993932000000077e+00
1.558468562999999918e+00
1.786467476999999970e+00
1.720737976999999974e+00
1.801266470000000064e+00
1.269512943999999921e+00
1.700357528000000062e+00
3.891660840000000232e-01
1.463146137000000069e+00
1.753965865999999929e+00
1.784973710000000047e+00
1.492760389000000076e+00
1.688864568000000066e+00
1.472171147000000069e+00
1.365487984999999904e+00
9.652017010000000230e-01
3.324384599999999912e-01
1.524915148000000054e+00
1.254789686999999931e+00
1.762378428999999969e+00
1.082785370000000080e+00
1.330413773000000077e+00
4.785664960000000079e-01
1.415640980000000049e+00
1.907250083000000096e+00
1.505963517999999945e+00
1.567731962999999951e+00
1.147985320999999947e+00
1.758154621999999945e+00
1.511883360999999981e+00
1.466867619999999928e+00
1.668385916999999941e+00
7.283537820000000051e-01
1.643156465999999982e+00
1.352761192000000001e+00
1.810904281000000005e+00
1.897956809999999939e+00
1.612359947999999932e+00
1.994141111000000022e+00
1.016197353999999997e+00
9.449759079999999756e-01
1.731862680000000043e-01
1.503654518999999912e+00
1.740678425000000029e+00
1.651762447000000078e+00
1.559308010999999938e+00
1.496237545000000058e+00
3.961993469999999795e-01
7.918124599999999680e-02
1.693287157000000098e+00
1.516204735000000081e+00
1.717920026000000044e+00
9.609461959999999747e-01
1.727703884000000079e+00
1.452706226999999961e+00
1.470116353000000098e+00
1.613524702999999949e+00
1.059184617999999967e+00
1.429429263999999922e+00
1.698535493000000063e+00
6.946051989999999510e-01
1.409933123000000066e+00
1.559547556000000057e+00
1.547159120999999971e+00
1.594282028999999934e+00
1.632659713000000012e+00
1.633670406000000019e+00
1.798305282000000060e+00
4.232458740000000219e-01
1.640978057000000101e+00
1.507855871999999930e+00
1.775246260000000076e+00
1.810568528999999982e+00
1.201397124000000094e+00
1.773786445000000045e+00
1.538322332999999986e+00
1.703333900000000151e-02
1.702861170999999896e+00
1.566437491999999931e+00
1.042378597999999990e+00
4.720246980000000203e-01
1.384263785999999996e+00
1.679609571999999940e+00
1.644241585999999922e+00
1.811709027000000027e+00
1.129045059999999934e+00
1.619093330999999969e+00
1.744605874999999973e+00
1.536432175999999927e+00
1.746166963999999933e+00
1.508529718999999991e+00
6.344772699999999821e-01
1.430719888000000051e+00
1.613101517000000040e+00
1.723783937000000099e+00
1.340444114999999936e+00
8.600171999999999678e-03
1.592398846000000034e+00
5.854607299999999848e-01
5.910646069999999641e-01
1.547405460000000010e+00
5.854607299999999848e-01
1.498310553999999906e+00
1.633165353999999958e+00
1.465382850999999986e+00
1.722387093999999896e+00
1.342422680999999951e+00
1.305351369000000039e+00
1.561339940999999953e+00
1.732393759999999894e+00
1.974822450000000007e+00
1.487845120000000021e+00
1.695744275000000023e+00
1.511883360999999981e+00
1.716587577999999947e+00
7.126497019999999960e-01
1.714497409000000028e+00
1.738780557999999976e+00
1.653694795000000051e+00
1.725911632000000084e+00
1.758533421999999957e+00
1.696793084999999923e+00
1.691965103000000026e+00
1.739967696999999980e+00
1.613101517000000040e+00
7.558748560000000394e-01
1.615318656999999991e+00
1.356599435999999992e+00
1.688063697000000030e+00
4.623979979999999768e-01
8.621313790000000310e-01
4.771212550000000219e-01
8.762178409999999973e-01
1.561578367999999939e+00
1.676602170000000003e+00
1.523095837999999924e+00
1.629307639999999946e+00
1.876275589000000021e+00
7.347998300000000427e-01
1.827756863000000065e+00
1.672651923000000096e+00
9.030899869999999829e-01
1.603360923999999965e+00
1.545925328999999904e+00
1.338456494000000108e+00
1.855519155999999947e+00
2.787536010000000175e-01
1.547282307999999995e+00
1.735199547999999981e+00
1.704150516999999976e+00
5.314789170000000507e-01
6.020599909999999610e-01
3.673559209999999742e-01
1.251881454999999921e+00
7.015679849999999496e-01
1.803525395999999947e+00
1.652633068000000094e+00
1.396199347000000035e+00
1.620136054999999908e+00
1.787956123000000064e+00
1.920645001000000018e+00
6.434526760000000012e-01
1.508395032999999996e+00
1.103803721000000015e+00
1.482158695000000082e+00
1.378034321999999978e+00
1.324488233000000070e+00
1.616265405000000044e+00
3.891660840000000232e-01
1.666705136000000032e+00
1.680335512999999947e+00
1.642860052999999931e+00
1.707229418999999915e+00
1.103119254000000105e+00
1.897682061999999892e+00
1.579326204000000011e+00
5.705429400000000539e-01
1.557507202000000035e+00
1.580468784000000015e+00
1.859738566000000093e+00
1.525951341000000072e+00
1.422835969000000089e+00
1.541953474000000046e+00
1.856608067999999889e+00
1.776846409000000016e+00
1.706290956999999997e+00
1.745309060000000079e+00
1.743509764999999989e+00
1.405517107000000099e+00
1.820201458999999966e+00
1.642464520000000094e+00
1.799340549000000067e+00
-4.575749099999999736e-02
-6.989700039999999781e-01
1.117271295999999969e+00
-2.227639500000000092e-02
1.183839037000000038e+00
1.556423120999999909e+00
-4.559319560000000271e-01
-7.447274950000000171e-01
-5.850266520000000359e-01
-4.814860599999999935e-01
-7.058107399999999365e-02
-7.058107399999999365e-02
-4.575749099999999736e-02
-7.212463989999999825e-01
-6.575773190000000490e-01
-6.989700039999999781e-01
-6.575773190000000490e-01
-3.979400089999999834e-01
-6.777807049999999833e-01
-7.695510789999999712e-01
-1.322826600000000068e-02
-2.676062399999999952e-01
-1.000000000000000000e+00
-3.872161430000000126e-01
-3.467874859999999781e-01
-6.020599909999999610e-01
-3.565473239999999988e-01
-3.979400089999999834e-01
-1.135092750000000067e-01
-5.528419690000000442e-01
-5.228787449999999781e-01
-3.010299960000000219e-01
-1.487416510000000025e-01
-4.559319560000000271e-01
-5.551732799999999773e-02
1.250907699999999956e+00
-6.989700039999999781e-01
-6.550154900000000613e-02
-4.575749099999999736e-02
-9.691001300000000318e-02
-6.020599909999999610e-01
-8.239087410000000000e-01
-2.839966560000000140e-01
-2.146701649999999961e-01
7.626785640000000033e-01
-5.528419690000000442e-01
1.676510710000000071e+00
-9.691001300000000318e-02
-5.850266520000000359e-01
1.623042434000000034e+00
-3.767507099999999887e-01
-7.447274950000000171e-01
-7.212463989999999825e-01
-6.020599909999999610e-01
1.495544337999999973e+00
-6.777807049999999833e-01
-5.376020019999999677e-01
-6.989700039999999781e-01
-9.151498099999999525e-02
-7.212463989999999825e-01
-5.228787449999999781e-01
-4.559319560000000271e-01
-3.872161430000000126e-01
1.554489159999999925e+00
-7.212463989999999825e-01
-2.596373109999999818e-01
-9.208187540000000171e-01
-6.989700039999999781e-01
-6.989700039999999781e-01
3.222192950000000167e-01
-1.674910870000000107e-01
-3.010299960000000219e-01
-4.095860800000000052e-02
-6.197887579999999952e-01
-8.538719639999999833e-01
-1.487416510000000025e-01
-9.208187540000000171e-01
-3.151705099999999732e-02
-5.686362360000000171e-01
-1.772876699999999944e-02
-7.212463989999999825e-01
-5.850266520000000359e-01
-4.202164030000000161e-01
-8.239087410000000000e-01
-1.549019600000000052e-01
-4.575749099999999736e-02
-8.538719639999999833e-01
0.000000000000000000e+00
-5.228787449999999781e-01
-4.559319560000000271e-01
1.905256048999999896e+00
-3.565473239999999988e-01
-8.538719639999999833e-01
-7.958800169999999952e-01
-1.870866429999999969e-01
-5.850266520000000359e-01
-6.989700039999999781e-01
-1.000000000000000000e+00
1.193124598000000036e+00
-4.317982759999999809e-01
-5.228787449999999781e-01
-6.989700039999999781e-01
-2.076083109999999898e-01
-4.317982759999999809e-01
-4.089353929999999804e-01
-4.317982759999999809e-01
-4.559319560000000271e-01
-1.611509090000000088e-01
-6.575773190000000490e-01
-9.691001300000000318e-02
-5.376020019999999677e-01
-4.317982759999999809e-01
-7.447274950000000171e-01
-5.528419690000000442e-01
-4.202164030000000161e-01
-4.317982759999999809e-01
-4.559319560000000271e-01
-8.538719639999999833e-01
-5.228787449999999781e-01
-6.989700039999999781e-01
-6.777807049999999833e-01
-5.850266520000000359e-01
-6.575773190000000490e-01
-2.839966560000000140e-01
-1.191864079999999937e-01
-8.239087410000000000e-01
-5.086383060000000400e-01
1.073718350000000044e+00
1.496098992000000072e+00
2.430380490000000060e-01
5.693739100000000386e-01
-3.010299960000000219e-01
-5.228787449999999781e-01
2.154576116999999957e+00
2.018076064000000169e+00
1.816440167999999966e+00
1.239049092999999990e+00
-3.385826699999999745e-02
5.652573429999999677e-01
1.558708570999999932e+00
9.169800470000000203e-01
-3.979400089999999834e-01
8.135809889999999767e-01
1.550228353000000059e+00
1.180699200999999920e+00
-3.010299960000000219e-01
1.789580712000000018e+00
1.904607364000000080e+00
1.575995620000000041e+00
-1.549019600000000052e-01
1.486005186000000089e+00
-9.151498099999999525e-02
-1.804560639999999994e-01
1.405687786999999966e+00
1.487138375000000012e+00
1.149834696999999961e+00
-4.364805000000000247e-03
-8.092190800000000073e-02
-5.376020019999999677e-01
1.750354089000000002e+00
3.502480179999999943e-01
-4.575749099999999736e-02
1.519827993999999904e+00
1.002166061999999913e+00
1.480581786999999983e+00
-2.757241300000000117e-01
1.337459261000000010e+00
-7.212463989999999825e-01
-1.023729089999999980e-01
1.464787520000000010e+00
-3.979400089999999834e-01
-4.814860599999999935e-01
6.211762819999999685e-01
1.250420002000000030e+00
3.692158569999999806e-01
3.802112420000000048e-01
1.414639146999999930e+00
-8.860566479999999467e-01
1.405346360000000017e+00
1.455910239999999911e+00
1.461280359999999889e-01
1.601081728000000037e+00
-6.575773190000000490e-01
-5.850266520000000359e-01
-8.239087410000000000e-01
-1.322826600000000068e-02
-1.870866429999999969e-01
5.098742849999999827e-01
-1.366771400000000025e-01
1.632457292000000004e+00
1.430719888000000051e+00
3.117538610000000210e-01
-3.979400089999999834e-01
-4.559319560000000271e-01
-4.814860599999999935e-01
-4.814860599999999935e-01
-2.676062399999999952e-01
1.824451269999999958e+00
2.671717279999999972e-01
1.822168079000000107e+00
1.567731962999999951e+00
1.748962861000000091e+00
1.643353961999999946e+00
-9.151498099999999525e-02
0.000000000000000000e+00
1.454692448999999943e+00
1.628082261000000086e+00
-1.549019600000000052e-01
1.719579857999999906e+00
3.324384599999999912e-01
-5.228787449999999781e-01
1.305995883000000024e+00
-5.086383060000000400e-01
1.737987326000000055e+00
1.513217599999999941e+00
3.820170430000000006e-01
-7.212463989999999825e-01
1.255754787000000094e+00
1.604009932000000083e+00
7.188200699999999777e-02
1.589837943000000031e+00
-7.572071399999999453e-02
-6.020599909999999610e-01
1.540954809000000036e+00
1.585686278000000060e+00
1.628695382999999941e+00
1.485863329999999927e+00
2.329961100000000063e-01
-7.958800169999999952e-01
1.558348508999999993e+00
1.648750213000000020e+00
9.111576089999999795e-01
1.610872999999999999e+00
-4.436974989999999952e-01
5.888317259999999997e-01
-4.685210830000000048e-01
2.787536010000000175e-01
-1.079053970000000001e-01
1.485011215000000107e+00
1.438700533000000004e+00
1.116275587999999930e+00
4.871383750000000123e-01
-1.804560639999999994e-01
1.689885759000000043e+00
-7.695510789999999712e-01
2.730012720000000170e-01
1.206556044000000050e+00
1.501333178999999962e+00
1.816241299999999947e+00
1.641969597999999975e+00
1.610872999999999999e+00
-4.559319560000000271e-01
1.698970003999999978e+00
1.605089462000000022e+00
1.383815366000000102e+00
-3.979400089999999834e-01
-8.538719639999999833e-01
1.592287816000000022e+00
1.632862040000000015e+00
-5.686362360000000171e-01
-3.979400089999999834e-01
1.490239485000000030e+00
-1.000000000000000000e+00
1.476396827000000078e+00
1.729164790000000007e+00
1.765072200999999952e+00
4.771212550000000219e-01
1.726074869999999928e+00
1.752662943000000029e+00
1.647480773000000065e+00
1.233757363000000051e+00
1.750354089000000002e+00
1.649140064000000017e+00
1.841359469999999998e+00
1.613313160999999996e+00
1.728434951000000108e+00
-3.665315439999999869e-01
-8.239087410000000000e-01
-1.674910870000000107e-01
1.626340367000000064e+00
-7.058107399999999365e-02
-5.228787449999999781e-01
7.634279940000000542e-01
2.174839440000000124e-01
4.139268499999999851e-02
1.574609941000000068e+00
1.659821157999999963e+00
1.238046103000000064e+00
-1.366771400000000025e-01
5.711262769999999600e-01
1.062581983999999924e+00
-3.279021420000000075e-01
9.057958799999999977e-01
1.440279212999999947e+00
1.214048679000000019e+00
1.698187569999999980e+00
8.450980399999999948e-01
1.394451681000000054e+00
1.447158031000000067e+00
-3.467874859999999781e-01
-2.596373109999999818e-01
2.810333669999999784e-01
-4.948500220000000005e-01
1.618152733000000065e+00
1.041392684999999929e+00
-6.777807049999999833e-01
-2.146701649999999961e-01
1.720448736999999895e+00
1.366982976000000072e+00
6.009728960000000342e-01
1.786751422000000034e+00
1.362670929999999947e+00
