0.089905111
0.550228353
1.657055853
1.033423755
0.93399
1.751610089
1.818225894
1.414137362
1.726482697
1.729974286
1.229809783
1.004321374
1.475235223
0.380211242
0.342422681
1.610127613
1.538196578
0.397940009
1.810232518
1.75089392
1.553276046
0.431363764
1.548389418
0.774516966
1.399673721
1.653212514
1.465382851
1.527333397
1.247359422
1.522444234
1.601516784
1.51851394
1.559308011
1.729974286
1.722633923
1.376576957
1.780317312
1.614833965
1.924795996
1.761927838
1.759667845
1.710117365
1.84260924
1.793790385
1.645422269
1.718667735
1.716837723
1.361727836
1.514149134
1.260071388
1.62324929
1.710117365
0.69019608
1.824125834
1.653212514
1.372175286
1.620136055
0.880813592
1.11058971
1.651278014
1.155336037
0.45484486
0.662757832
1.780605306
1.456366033
1.409764104
1.673020907
1.82672252
0.819543936
1.480006943
1.702430536
0.720159303
1.607455023
1.759667845
1.596926814
1.630936119
0.568201724
0.439332694
0.041392685
1.660865478
1.729002709
1.573741642
1.811239773
1.663229635
0.484299839
0.579783597
1.770115295
1.555094449
1.660960292
0.770852012
1.837525309
0.672097858
0.977723605
1.290034611
1.766115283
1.690284703
1.279210513
1.906873535
1.362293938
1.350248018
1.517063873
1.457124626
1.434568904
1.611723308
1.451786436
1.867644234
1.89187183
1.69862243
1.591064607
0.385606274
1.57054294
1.552668216
1.826851948
0.84509804
1.562530769
1.682325619
1.546542663
1.626340367
1.62838893
1.870813424
1.703549298
1.467312063
1.743274524
1.87875152
1.674585602
1.642068627
1.680788612
1.59900924
1.666424373
1.823637222
1.704150517
1.624282096
1.504742636
1.587710965
1.075546961
1.533899101
1.614897216
1.543074235
1.59835271
1.658869592
1.29666519
1.191171456
1.589949601
1.536558443
0.691965103
1.671635597
1.67329744
1.553883027
1.632558515
1.619093331
1.656098202
1.195346058
1.80611211
1.404833717
1.714916248
1.639386869
1.501196242
1.540329475
1.542825427
1.656768779
1.650307523
1.646893624
1.660486016
1.266936911
1.466719372
1.012837225
1.51851394
1.473778835
1.432006687
1.467756051
1.149219113
1.911317442
1.555698895
1.674585602
1.28780173
1.474944335
1.574031268
1.81391442
1.825945143
1.086359831
1.288919606
1.409933123
1.569958818
1.74390155
0.250420002
1.159567193
0.908485019
1.770778396
1.745074792
1.109578547
1.59117595
1.573567773
1.377488383
1.60906055
0.492760389
1.397940009
1.5984622
1.465977368
1.5774918
1.797267541
1.412124406
1.635986112
1.7182525
0.117271296
1.306853749
1.677971753
1.84460142
1.817300878
1.698535493
1.727459921
1.435844366
0.98811284
1.751817788
1.767081621
1.398981067
1.718086295
1.522313795
1.695043659
1.525951341
1.446692466
1.541828767
1.390935107
2.179264464
1.829303773
0.608526034
1.670709595
0.008600172
1.829368108
1.600101256
1.756636108
1.363047595
0.62324929
1.869994
1.543074235
1.606381365
1.414304688
1.580069223
1.727785174
1.628286731
1.707570176
1.431363764
1.699404082
1.885785129
1.786254396
1.556543708
1.724521627
1.442322956
1.632963168
1.498310554
1.611404638
1.764176132
1.67678503
1.732876041
1.643945913
1.464191371
1.512150537
0.949390007
1.930745328
1.321805484
1.733197265
0.371067862
1.567849451
0.727541257
0.320146286
0.06069784
0.041392685
0.72427587
1.236537261
1.071513805
0.711807229
1.245512668
1.058426024
1.77480883
1.346548559
1.708930536
1.710878618
1.503109437
1.319314304
1.117271296
1.704322141
0.8162413
0.322219295
0.582063363
1.600210306
1.147367108
1.481299273
1.606381365
1.628491105
1.4407517
1.44963265
1.793930007
1.735199548
1.80140371
1.613947477
0.037426498
1.614053106
1.785685668
1.532372134
1.621591676
1.641474111
1.393926007
1.491501766
1.652826303
1.452859336
1.626443025
1.842921121
1.691965103
1.571242851
1.562292864
0.948412966
1.555698895
0.06069784
1.411619706
1.557867962
1.442793226
1.717004407
1.360025089
1.366236124
1.380934463
1.356025857
1.710117365
1.958563883
1.693726949
1.837272703
1.691965103
1.576226137
1.311753861
1.13481437
1.693199145
1.775974331
1.586699802
1.788945727
1.494711025
0.11058971
1.349277527
1.955976222
1.483587297
0.380211242
1.64246452
1.922984816
1.749968084
1.008174184
1.853819846
0.357934847
1.719828286
1.792251572
1.655138435
1.645618738
1.712733859
1.288025535
1.669037801
1.894924977
1.682145076
1.197004728
1.569958818
1.767823498
1.797475288
1.635282638
1.880470593
1.770115295
1.759667845
1.841422044
1.343408594
1.511482289
1.704150517
1.418135498
0.985426474
1.839540893
1.728191399
1.702861171
0.689308859
0.669316881
0.274157849
1.33825723
1.722551662
0.318063335
1.618257345
1.733036683
1.733999287
1.434568904
0.786751422
1.730701544
1.750199728
1.470851325
0.653212514
1.566201719
1.691258358
1.642365581
1.690993032
2.052617001
1.559188189
1.716587578
1.719497017
1.588831726
1.709269961
1.623145875
1.672374979
1.310905629
1.51308436
1.653212514
1.23299611
1.360214613
1.741466762
1.331629718
1.57818061
1.227115083
1.754806855
1.743823222
1.699404082
1.653887558
1.612041745
1.668385917
1.463146137
1.501470072
0.982271233
0.113943352
1.600537294
1.704922291
1.167612673
1.691081492
0.33243846
0.800717078
1.513883186
1.353916231
1.594171479
1.70457945
1.366982976
1.458335626
1.681693392
0.212187604
1.608632989
1.897517129
1.437750563
1.539703239
1.571475904
1.543074235
1.597695186
1.607776604
1.60346916
1.472463897
1.648847708
1.387567779
1.154423973
1.591064607
1.637989781
2.135927335
1.549003262
1.657055853
1.80140371
1.818555779
0.67669361
1.726727209
0.968482949
1.658488381
1.975431809
1.154423973
1.550228353
1.706973676
0.808885867
1.836197481
1.4827307
1.959851955
1.756331767
1.579669294
1.580924976
1.618466492
1.019946682
1.5594278
0.385606274
1.472463897
1.558708571
1.59736605
1.726727209
1.448087667
1.62910365
1.455453969
0.309630167
1.622524862
1.758381942
1.753812784
1.556181847
1.578524605
1.827692289
0.785329835
1.736953954
1.602059991
1.872447648
0.416640507
1.660770644
1.692318044
1.368658712
1.615318657
1.623662707
1.743039155
1.660201201
1.050379756
1.765072201
1.569841899
1.426511261
1.640580806
1.532754379
1.05804623
1.271609301
1.477555332
1.513483957
0.84135947
1.851441815
0.342422681
1.759743368
1.740046724
0.51851394
1.576571684
1.358886204
1.713574538
1.547774705
1.72057272
1.790707287
1.500099192
1.727053011
1.485721426
1.123851641
1.533009023
1.573103783
1.882638362
1.542825427
1.452553063
1.637189422
1.624282096
0.559906625
1.703205371
1.396722279
1.784831178
1.739176632
1.750199728
0.471291711
1.686546899
1.65829765
1.59505509
1.843232778
1.783903579
1.355259906
1.679064318
1.658202253
1.542576476
1.615739689
1.716587578
1.583198774
1.73239376
1.421932813
1.487138375
0.322219295
1.61415871
1.545925329
1.676053125
1.330819467
1.283301229
1.714664993
1.864511081
1.709354776
1.554731377
1.538322333
1.705007959
1.414973348
1.217483944
1.79719827
1.813647695
1.7513561
1.564666064
1.47957531
1.766189693
1.786609473
1.63748973
1.675503385
1.53032779
1.850033258
1.575649615
1.495127881
1.892150278
0.447158031
1.705007959
1.427161403
1.704665185
1.801815169
1.431363764
1.360025089
1.408579125
0.748188027
1.680969718
1.640878779
1.321184027
1.62838893
1.637589786
1.655426588
1.73239376
0.367355921
1.684126926
1.033423755
1.304490528
1.480006943
1.738384124
1.37051309
1.817895757
1.617105231
1.716837723
1.441695136
1.541828767
1.580810973
1.65724713
1.698970004
1.5132176
1.29841638
1.507720977
1.842297134
1.361538971
1.735439203
1.716086854
1.704150517
0.95616843
1.399500661
0.42975228
1.737033531
1.894316063
1.738066715
1.666892211
1.363799945
1.864511081
1.681060244
1.002166062
1.486005186
1.632760888
1.557988148
0.991226076
1.288472801
1.42975228
1.450249108
1.667452953
1.643650038
1.540079089
0.792741786
1.326540669
1.979775933
1.481442629
1.695481676
1.627365857
1.698970004
1.773420723
1.500236475
1.673941999
0.195899652
1.539327064
1.456821348
1.73239376
1.545059585
1.507180977
1.582404298
1.209515015
1.627570664
1.692053365
1.624488363
1.73295637
1.83193373
1.573683693
1.705692697
1.649237472
1.636588184
1.433289685
0.505149978
1.746244872
0.615950052
1.232487866
1.749117662
1.599883072
1.397940009
0.831229694
1.653694795
1.552424846
1.478422188
1.598899887
1.754348336
1.493876111
1.783975003
1.556543708
1.790918195
1.615107987
1.746244872
1.447158031
1.646403726
1.887673552
1.472756449
1.709269961
1.828208614
1.729002709
1.542825427
1.542576476
1.498723971
1.727785174
1.603144373
1.473048805
1.428458774
1.784331948
1.704750904
1.526468512
1.508529719
1.680063427
1.661812686
0.952792443
1.802157753
1.491501766
1.564666064
0.414973348
1.574031268
1.489958479
1.791339704
1.778440684
1.464936429
1.751086555
1.733438027
1.784617293
1.686636269
1.230448921
1.823474229
1.646599752
1.532244644
1.507720977
1.545430829
1.846027675
0.944482672
1.666892211
1.634174872
1.479143248
1.452553063
1.752509401
1.814513952
1.562768543
1.607347777
0.567026366
0.685741739
2.061452479
1.404149249
1.732634968
1.352375495
1.461498527
1.533263517
1.263636069
0.924279286
1.389520466
1.526726867
1.63447727
0.564666064
1.654080235
1.830267801
0.161368002
1.343605508
1.221414238
0.618048097
0.602059991
1.461348434
1.722140125
1.691435152
0.068185862
0.57054294
1.626032248
1.665580991
1.601516784
0.50242712
1.853576544
1.478566496
0.785329835
1.736715134
1.412292509
1.588383768
1.718833718
1.665956029
1.230704314
1.649821463
1.72794771
1.564547712
1.399154334
1.613630435
1.408070286
1.78724788
1.633165354
1.660675788
1.8162413
1.0
0.848189117
1.751279104
1.738780558
0.835690571
1.751663946
1.0
1.617210095
1.69399061
1.710540448
1.699143687
1.579326204
1.745465169
1.153509989
1.688864568
1.0
1.733598461
1.305566314
1.451325808
1.462397998
1.579783597
1.669316881
1.564666064
1.332842267
1.580924976
1.794488047
1.068185862
1.688775655
1.482158695
1.649626887
1.519040039
1.541579244
1.527114112
1.627263417
1.252367514
1.110926242
1.617734035
1.606703741
1.720159303
1.748962861
1.738780558
1.486005186
0.916980047
1.300812794
1.889805752
1.783689236
1.734559822
1.408239965
1.720242018
1.593618308
1.534026106
1.751048035
1.734399743
1.515873844
0.562292864
1.871047261
1.610660163
1.800235789
1.552668216
1.65079304
1.88149878
1.658869592
1.610660163
1.628899564
1.673020907
1.666985718
1.566201719
1.539076099
1.50758604
1.483872454
1.533263517
1.824321125
1.653115993
1.830396176
1.882524538
1.598024072
1.651374944
1.848804701
1.672097858
1.749890841
1.514547753
1.636086515
1.465828815
1.606918526
1.765817515
0.556302501
0.591064607
1.418301291
1.058805487
1.450249108
0.892094603
1.577951128
1.524655712
1.647969458
1.670802284
1.615213335
1.396548038
1.459693976
1.754730469
1.560504415
1.790636962
1.62024019
1.72427587
1.590061231
1.48258777
1.746244872
1.880298991
0.715167358
1.600646236
1.454082271
1.712902125
1.354684554
1.520221436
1.676967814
0.149219113
1.689663965
1.678062905
1.794278866
1.226599905
1.5774918
1.530967682
1.466422722
1.341236623
1.678973376
1.744684063
1.672282625
1.168497484
1.610553705
1.507451061
1.559068334
1.884058647
1.295127085
1.320354033
1.467015818
1.652052848
1.406369835
1.412964272
1.5402043
1.36361198
1.27989498
1.701395269
1.522574633
0.176091259
1.701481636
1.173768823
0.509202522
1.572871602
1.268811904
0.892651034
1.167612673
1.60498163
1.905903766
1.660391098
1.720903171
1.476106717
1.634678752
1.591064607
1.521661015
1.546295835
1.64246452
1.755798657
1.360404055
1.790777601
1.735439203
1.672282625
1.606381365
1.771293443
1.698535493
1.845284126
1.781539969
1.689308859
1.789580712
1.717836867
0.709269961
1.574031268
1.800442121
1.744449457
1.559667278
1.195899652
1.444981112
1.662568967
1.664453929
1.4827307
1.484869033
1.441066407
1.693199145
1.568788212
1.419955748
1.316808752
1.410777233
1.501059262
1.683047038
1.7930916
1.790144365
1.779596491
1.675778342
1.707399831
1.8409212
1.487138375
0.779596491
0.243038049
1.72427587
1.794488047
1.562887381
1.356025857
1.788804493
2.07371835
1.546295835
1.501880494
1.41447195
1.06069784
1.726727209
1.608526034
1.63748973
1.740125737
1.520745472
1.846646329
1.716670976
1.635282638
1.639984248
1.560862695
0.545307116
1.683587318
1.670987603
1.653983907
1.738225448
1.42373725
1.683767261
1.589837943
1.517855419
0.267171728
1.656002321
1.563006187
1.566201719
1.361916619
1.112269768
1.484299839
1.963410016
1.635483747
1.649626887
1.750122527
1.745933158
1.445136969
1.445604203
1.645225712
1.597804842
1.728434951
1.492620722
1.2955671
1.62838893
1.297979244
1.591064607
1.389520466
1.331427297
1.464638559
1.628286731
1.50501424
1.471438407
1.775537635
1.547774705
1.592509848
1.548389418
1.650501795
1.476541809
0.436162647
1.679064318
1.921009802
1.461348434
1.696356389
1.769377326
1.672190251
1.667639706
1.835817354
1.762453482
1.583878599
0.63748973
1.77633791
1.592176757
1.735279448
1.491781776
1.408748606
1.737192643
1.631545228
1.168497484
1.04453976
1.104487111
1.593286067
1.732071941
1.66133934
1.453624074
1.746089043
1.9364132
1.863857962
1.668385917
1.041392685
1.077367905
1.38219721
1.501880494
1.564547712
1.637289548
1.511883361
1.635986112
1.675319983
1.868526887
1.510142699
1.5132176
1.599446376
1.526339277
1.651181062
1.674861141
1.57634135
1.544440137
0.691081492
1.536432176
1.610127613
1.476396827
1.005180513
1.556181847
0.819543936
1.684845362
1.683047038
1.631849462
1.706632451
1.648457594
1.771219902
1.344392274
1.541204691
1.465828815
1.581608366
1.775974331
1.691965103
1.783832143
1.662285516
1.40654018
1.717670503
1.561339941
1.694078462
1.402948829
1.610660163
1.669595781
1.880241776
1.004321374
1.188647296
1.654946227
1.739255803
1.388101202
1.612041745
1.690727544
1.653791187
1.553761698
1.65829765
1.59206567
1.632693441
1.643452676
1.653598382
1.11058971
1.056904851
0.130333768
0.857332496
1.724029973
1.656385719
1.61992771
0.644438589
1.844849801
1.579097327
0.713490543
1.751587005
0.926342447
0.492760389
1.042181595
1.717670503
1.561339941
1.66407759
1.401572846
1.346744055
1.836165816
1.73183042
1.698709349
1.667452953
0.993876915
1.710963119
1.205745541
1.679881942
1.667452953
1.622628426
1.40790054
1.461798558
1.41763774
1.429590802
1.440279213
1.371067862
1.64738297
1.471585054
1.690639012
1.549493713
1.873262459
1.520876382
1.748730556
1.507855872
1.452859336
1.941461739
1.544688022
1.255513713
1.396722279
1.351409752
1.326335861
1.412292509
1.699751032
1.50242712
1.487703863
1.762228284
1.675595056
1.614897216
1.728353782
1.633468456
1.521138084
0.290034611
1.888123307
0.431363764
1.658964843
1.694078462
1.507855872
1.137037455
1.599555591
1.652729696
1.419790586
1.755722445
1.346352974
1.920540717
1.688419822
1.75327657
1.775391972
0.941014244
1.843544212
1.267171728
1.136720567
0.409933123
1.681422156
1.790496277
1.507451061
0.527629901
1.745387121
1.502973059
1.062205809
1.342422681
1.550961752
1.351796307
1.568084331
1.46612587
1.536810866
1.675136504
1.391993072
1.26904571
1.069668097
1.666517981
1.498310554
1.699837726
1.528273777
1.716587578
1.368658712
1.644241586
1.783188691
1.677606953
0.206825876
1.439332694
1.570192561
1.746011108
1.465680212
0.382017043
1.491361694
1.672005445
1.454692449
1.709439574
1.536558443
1.733839001
1.765445018
1.617419747
1.702861171
1.654561555
1.36660971
1.480868924
0.338456494
1.391111614
1.226084116
0.926342447
1.629409599
1.548266545
0.816903839
1.724603515
1.099335278
1.654946227
1.428458774
1.668012972
1.413634997
1.794348604
1.217483944
1.651084089
0.814913181
1.720985744
1.766635886
1.686546899
0.696356389
1.264817823
1.608526034
1.664547962
1.591732239
1.483301952
1.824581376
1.613841822
1.765072201
1.46686762
1.581494542
1.062581984
1.905364069
1.700703717
1.797059695
1.739572344
1.571359393
1.610873
1.329601248
1.497896743
1.710878618
1.302763708
1.350829274
1.610873
1.84540814
0.388278863
0.706717782
1.624591459
1.698100546
1.713826424
1.405687787
1.582290683
0.693726949
1.789510204
1.650987094
1.741151599
1.546666025
1.683947131
1.375663614
0.741151599
1.613841822
1.614897216
1.784831178
1.344392274
1.740362689
1.791339704
1.034227261
1.541329578
1.626340367
1.373463722
1.771954749
1.875061263
1.79239169
1.690107439
1.371806459
1.72427587
0.712649702
1.371067862
1.589949601
1.558708571
1.341236623
0.288919606
1.554610285
1.544440137
1.813847754
1.814913181
1.433769834
0.413299764
1.723044992
1.701049631
0.369215857
1.910250772
1.544440137
1.205745541
1.757851344
1.812311609
0.763427994
1.755112266
1.339451441
1.813314059
1.103461622
1.584218112
1.761401558
1.462397998
1.201397124
1.564666064
1.51054501
1.700703717
1.889357737
1.65195607
1.624282096
1.616790486
1.354108439
1.565847819
1.603252662
1.124178055
1.469232743
1.597695186
0.531478917
1.841296887
1.260071388
1.718750735
1.81640703
0.591064607
1.863263364
1.748962861
0.481442629
1.602819342
1.630326155
1.526726867
1.780533325
1.816771412
1.858837851
1.74647851
1.373831145
0.963787827
1.542202782
1.574956776
1.600101256
1.283301229
1.454997217
1.51201697
1.582063363
1.581608366
1.68735057
1.604226053
1.541454429
1.604550033
1.612359948
1.454692449
1.607455023
1.017033339
1.528788192
1.421603927
1.209515015
0.11058971
1.710963119
1.727134424
1.629409599
0.7084209
0.130333768
1.385248682
0.432969291
1.560265398
1.786680453
1.562887381
1.07371835
1.068185862
1.380211242
1.631950826
1.560862695
1.575187845
1.184691431
1.757927183
0.526339277
1.848435455
1.779452183
1.347330015
1.722140125
1.544440137
1.582517884
1.556302501
1.305351369
1.621280168
1.691700208
1.567144045
1.269512944
1.606381365
1.511080846
1.775901579
0.899820502
1.696181587
1.048053173
1.485011215
1.941262909
1.547774705
1.535800291
0.586587305
1.624178926
0.230448921
1.095518042
1.650307523
1.798028793
0.620136055
1.95438725
1.728150793
0.240549248
1.486572151
1.760949951
1.703377369
0.826074803
1.737192643
1.561101384
1.726156466
1.516535374
1.8049568
1.57818061
1.790285164
1.58546073
1.776773802
1.484299839
1.482015576
1.094471129
1.030599722
0.912222057
0.613841822
0.041392685
1.07809415
1.633569443
1.6642658
0.59439255
1.627160952
1.736396502
1.597695186
1.197556213
1.421932813
1.497482537
1.592620821
1.498586209
1.447623098
1.754806855
1.567849451
1.668479103
1.415474168
1.48301642
1.271376872
1.8896378
1.707570176
1.718501689
1.699490845
1.676327734
1.092018471
1.560504415
1.513483957
1.710709566
1.974741905
1.610660163
1.607562243
1.639586087
1.549983611
1.133538908
1.702344358
1.752816431
1.941759814
1.831229694
1.740993932
1.558468563
1.976945751
1.786467477
1.59747579
1.720737977
1.80126647
1.269512944
1.700357528
0.389166084
1.600537294
0.767897616
1.463146137
1.753965866
1.42894429
1.78497371
1.492760389
1.688864568
1.472171147
1.365487985
0.965201701
0.33243846
1.524915148
1.254789687
1.762378429
1.3232521
1.531478917
1.08278537
1.330413773
1.470263447
0.478566496
1.41564098
1.907250083
1.505963518
1.567731963
1.147985321
1.758154622
1.511883361
1.46686762
1.799891685
1.668385917
0.728353782
1.577261954
1.643156466
1.352761192
1.810904281
1.89795681
1.612359948
1.994141111
1.608739919
1.016197354
0.944975908
1.232233521
1.22685757
0.173186268
1.503654519
1.637989781
1.740678425
1.651762447
1.559308011
1.496237545
1.596926814
0.396199347
1.500099192
0.079181246
1.599664779
1.237040791
1.484157424
1.693287157
1.516204735
1.618048097
1.330413773
1.437909036
1.587486465
1.717920026
0.960946196
0.021189299
1.727703884
1.452706227
1.470116353
1.613524703
1.059184618
1.429429264
1.698535493
0.694605199
1.409933123
1.559547556
1.547159121
1.759063188
1.594282029
1.632659713
1.633670406
1.798305282
0.423245874
1.640978057
1.507855872
0.62838893
1.77524626
1.810568529
1.201397124
1.773786445
1.538322333
0.017033339
1.702861171
1.606918526
1.224014811
1.566437492
1.042378598
0.472024698
1.052693942
1.384263786
1.679609572
1.644241586
1.811709027
1.12904506
1.619093331
1.744605875
1.536432176
1.392696953
1.746166964
1.508529719
0.63447727
1.430719888
1.461648568
1.613101517
1.723783937
1.340444115
0.008600172
1.68115075
1.592398846
1.329397879
0.58546073
0.591064607
1.54740546
0.58546073
1.498310554
1.633165354
0.661812686
1.465382851
1.722387094
1.677880582
1.342422681
1.305351369
1.561339941
1.73239376
1.97482245
1.48784512
1.764549719
1.695744275
1.511883361
1.716587578
1.678973376
1.697665163
0.712649702
0.984527313
1.714497409
1.695043659
1.529558673
1.738780558
1.653694795
1.725911632
1.758533422
1.696793085
1.691965103
1.739967697
0.929418926
1.613101517
0.755874856
1.615318657
1.356599436
1.688063697
1.867762025
0.462397998
0.695481676
0.862131379
1.301247089
0.477121255
0.73239376
1.167317335
1.265053789
0.876217841
1.534026106
1.561578368
1.67660217
1.523095838
1.62930764
1.876275589
0.73479983
1.827756863
1.672651923
0.903089987
1.603360924
1.545925329
1.338456494
1.635282638
1.855519156
0.278753601
1.547282308
1.735199548
1.704150517
1.606596309
0.531478917
0.602059991
0.367355921
1.251881455
0.701567985
1.803525396
1.652633068
1.56549363
1.396199347
1.792741786
1.620136055
0.086359831
1.787956123
1.920645001
0.643452676
0.742725131
1.508395033
1.103803721
1.482158695
1.378034322
1.577836341
1.324488233
1.616265405
0.389166084
1.666705136
1.680335513
1.642860053
1.707229419
1.103119254
1.897682062
1.579326204
0.57054294
1.557507202
1.496929648
1.580468784
0.498310554
1.859738566
1.525951341
1.422835969
1.541953474
1.856608068
1.776846409
1.706290957
1.74530906
1.743509765
1.004751156
1.410608543
1.405517107
-0.15490196
1.820201459
1.64246452
-1.0
1.799340549
1.442479769
-0.045757491
-0.698970004
1.117271296
-0.022276395
1.183839037
1.556423121
-0.455931956
-0.744727495
-0.585026652
-0.48148606
-0.070581074
-0.346787486
-0.070581074
-0.045757491
-0.721246399
-0.455931956
-0.657577319
1.58591171
-0.602059991
-0.698970004
-0.657577319
-0.397940009
-0.677780705
-0.769551079
-0.013228266
-0.26760624
-1.0
-0.387216143
-0.346787486
-0.657577319
-0.522878745
-0.602059991
-0.356547324
-0.397940009
-0.113509275
-0.552841969
-0.522878745
-0.301029996
-0.148741651
-0.187086643
-0.455931956
-0.055517328
1.2509077
-0.180456064
-0.698970004
-0.065501549
-0.045757491
-0.096910013
-0.602059991
-0.823908741
-0.283996656
-0.214670165
0.762678564
-0.552841969
1.67651071
-0.017728767
-0.096910013
-0.585026652
1.623042434
-0.37675071
-0.48148606
-0.744727495
-0.721246399
-0.602059991
1.495544338
-0.119186408
-0.161150909
-0.677780705
-0.537602002
-0.698970004
-0.091514981
-0.677780705
-0.15490196
-0.721246399
-0.522878745
-0.455931956
-0.387216143
1.55448916
-0.356547324
-0.721246399
-0.259637311
-0.920818754
-0.698970004
1.764699064
-0.698970004
0.322219295
-0.167491087
-0.301029996
-0.040958608
-0.619788758
-0.853871964
-0.148741651
-0.920818754
-0.031517051
-0.568636236
-0.017728767
-0.721246399
-0.585026652
-0.420216403
-0.823908741
-0.15490196
-0.045757491
-0.853871964
0.0
-0.568636236
-0.522878745
-0.455931956
-0.769551079
-0.522878745
1.905256049
-0.356547324
-0.397940009
-0.853871964
-0.795880017
-0.187086643
-0.585026652
-0.698970004
-1.0
1.193124598
-0.431798276
-0.522878745
1.50242712
-0.537602002
-0.698970004
-0.207608311
-0.431798276
-0.408935393
-0.431798276
-0.455931956
-0.161150909
-0.721246399
-0.657577319
-0.096910013
1.689752696
-0.537602002
-0.431798276
-0.744727495
-0.552841969
-0.420216403
-0.431798276
-0.455931956
-0.853871964
-0.346787486
-0.522878745
-0.698970004
-0.677780705
-0.585026652
-0.657577319
-0.283996656
-0.119186408
-0.823908741
-0.508638306
1.07371835
1.496098992
0.243038049
0.56937391
-0.301029996
-0.522878745
2.154576117
2.018076064
0.877371346
1.816440168
1.239049093
-0.033858267
0.514547753
0.565257343
1.558708571
0.916980047
-0.397940009
0.923761961
1.199480915
1.647871765
0.813580989
1.550228353
-0.301029996
1.180699201
1.758760544
-0.301029996
1.789580712
1.904607364
1.57599562
0.053078443
-0.15490196
-0.045757491
1.486005186
-0.091514981
-0.180456064
1.405687787
1.487138375
1.149834697
-0.004364805
-0.080921908
1.763278211
-0.537602002
1.750354089
0.350248018
-0.045757491
-0.086186148
1.519827994
1.002166062
1.480581787
-0.27572413
1.337459261
-0.721246399
-0.102372909
1.46478752
0.771587481
0.929418926
-0.744727495
-0.397940009
-0.48148606
0.621176282
1.250420002
0.369215857
0.380211242
1.414639147
-0.886056648
1.40534636
1.45591024
0.146128036
-0.397940009
1.601081728
-0.657577319
-0.585026652
-0.823908741
-0.013228266
-0.187086643
0.509874285
-0.13667714
1.513350799
1.632457292
1.430719888
0.311753861
-0.397940009
-0.455931956
-0.318758763
-0.48148606
-0.48148606
1.584331224
-0.26760624
1.82445127
0.267171728
1.822168079
1.567731963
1.748962861
1.643353962
-0.091514981
0.0
1.454692449
1.628082261
-0.15490196
1.357172258
1.719579858
0.33243846
-0.522878745
-0.508638306
1.305995883
-0.508638306
1.737987326
1.5132176
0.382017043
-0.721246399
1.255754787
1.604009932
0.071882007
1.589837943
1.535167485
1.341236623
-0.075720714
-0.602059991
1.540954809
1.843544212
1.585686278
1.628695383
1.528402438
1.48586333
0.23299611
-0.795880017
1.558348509
1.648750213
0.911157609
1.493597449
1.610873
-0.443697499
0.588831726
-0.468521083
0.278753601
-0.107905397
1.485011215
0.753583059
1.438700533
1.116275588
0.487138375
-0.180456064
1.689885759
-0.769551079
0.273001272
1.206556044
1.501333179
1.542949849
1.8162413
1.641969598
1.610873
-0.455931956
1.698970004
1.207634367
1.605089462
1.3818368
1.383815366
-0.397940009
-0.853871964
1.592287816
1.63286204
1.773786445
-0.568636236
-0.397940009
1.490239485
-0.301029996
-1.0
1.476396827
1.72916479
1.765072201
1.495544338
0.477121255
1.72607487
1.752662943
1.647480773
1.941014244
1.233757363
1.750354089
1.649140064
1.84135947
1.613313161
-0.698970004
-0.408935393
0.282168778
1.728434951
-0.366531544
-0.823908741
-0.167491087
1.626340367
-0.070581074
-0.698970004
-0.522878745
0.763427994
0.217483944
0.041392685
1.574609941
1.659821158
1.238046103
-0.13667714
1.203848464
0.571126277
1.98686127
1.062581984
1.46834733
-0.327902142
0.90579588
1.36398783
1.440279213
1.214048679
1.476396827
1.69818757
0.84509804
0.939519253
1.394451681
1.649918719
1.42975228
1.447158031
1.803115555
1.50758604
-0.522878745
-0.346787486
-0.259637311
-0.004364805
0.281033367
-0.886056648
-0.494850022
1.618152733
1.041392685
-0.327902142
-0.677780705
-0.214670165
1.720448737
1.366982976
0.600972896
1.786751422
1.36267093
